6.673491e+0	5.000000e-1	1.475792e-3	2.300000e-2	0.000000e+0	9.990000e-9
2.087152e+1	5.000000e-1	1.009376e-2	2.286379e-2	5.420000e-8	0.000000e+0
3.668212e+1	5.000000e-1	3.354568e-2	2.300225e-2	0.000000e+0	9.770000e-9
6.603118e+1	5.000000e-1	2.417823e-2	2.330763e-2	5.265000e-8	0.000000e+0
8.074744e+1	5.000000e-1	1.873989e-3	2.338714e-2	0.000000e+0	6.049000e-8
1.025586e+2	5.000000e-1	7.077051e-2	2.408178e-2	0.000000e+0	0.000000e+0
1.168923e+2	5.000000e-1	2.535360e-2	2.227601e-2	0.000000e+0	0.000000e+0
1.456649e+2	5.000000e-1	8.857229e-4	2.382470e-2	0.000000e+0	0.000000e+0
1.653167e+2	5.000000e-1	3.190336e-3	2.437384e-2	0.000000e+0	0.000000e+0
1.896804e+2	5.000000e-1	1.701848e-1	2.357967e-2	0.000000e+0	3.573000e-8
2.085250e+2	5.000000e-1	4.988164e-2	2.283536e-2	8.347000e-8	0.000000e+0
2.373985e+2	5.000000e-1	2.644844e-2	2.517753e-2	0.000000e+0	3.542000e-8
2.736794e+2	5.000000e-1	2.486493e-2	2.440783e-2	0.000000e+0	0.000000e+0
2.910206e+2	5.000000e-1	1.654438e-2	2.322604e-2	0.000000e+0	0.000000e+0
3.113500e+2	5.000000e-1	1.055970e-3	2.349383e-2	0.000000e+0	0.000000e+0
3.478327e+2	5.000000e-1	7.929703e-2	2.181519e-2	2.320000e-7	0.000000e+0
3.536366e+2	5.000000e-1	2.166908e-5	2.300063e-2	0.000000e+0	0.000000e+0
3.769664e+2	5.000000e-1	1.115853e-3	2.333482e-2	0.000000e+0	1.400000e-7
3.976450e+2	5.000000e-1	5.802135e-3	2.257408e-2	0.000000e+0	0.000000e+0
4.102700e+2	5.000000e-1	1.948235e-2	2.250696e-2	0.000000e+0	0.000000e+0
4.341160e+2	5.000000e-1	9.823947e-3	2.329801e-2	0.000000e+0	0.000000e+0
4.632500e+2	5.000000e-1	5.445802e-3	2.377862e-2	1.346000e-6	0.000000e+0
4.784866e+2	5.000000e-1	3.955773e-3	2.443868e-2	0.000000e+0	2.290000e-7
4.888865e+2	5.000000e-1	8.634930e-4	2.338321e-2	0.000000e+0	0.000000e+0
5.184395e+2	5.000000e-1	4.971879e-2	2.206809e-2	2.290000e-7	0.000000e+0
5.353810e+2	5.000000e-1	4.465094e-2	2.398507e-2	0.000000e+0	3.660000e-7
5.802024e+2	5.000000e-1	4.057047e-2	2.230292e-2	0.000000e+0	0.000000e+0
5.951391e+2	5.000000e-1	8.713425e-2	2.301000e-2	1.002000e-6	0.000000e+0
6.200695e+2	5.000000e-1	3.035558e-2	2.286046e-2	0.000000e+0	1.440000e-7
6.286345e+2	5.000000e-1	6.591141e-3	2.300000e-2	0.000000e+0	0.000000e+0
6.612896e+2	5.000000e-1	1.265976e-1	2.415549e-2	0.000000e+0	0.000000e+0
6.931689e+2	5.000000e-1	4.235258e-2	2.282838e-2	0.000000e+0	0.000000e+0
7.083836e+2	5.000000e-1	2.199530e-2	2.328366e-2	3.330000e-5	0.000000e+0
7.216848e+2	5.000000e-1	1.965000e-3	3.150000e-3	0.000000e+0	4.110000e-4
7.302000e+2	5.000000e-1	1.053311e-3	2.300000e-2	1.490000e-4	0.000000e+0
7.651773e+2	5.000000e-1	8.927834e-3	2.300000e-2	0.000000e+0	0.000000e+0
7.908859e+2	5.000000e-1	6.743092e-3	2.300000e-2	0.000000e+0	0.000000e+0
8.216941e+2	5.000000e-1	6.759303e-2	2.208041e-2	0.000000e+0	2.350000e-7
8.511365e+2	5.000000e-1	6.647315e-2	2.353392e-2	2.597000e-6	0.000000e+0
8.562210e+2	5.000000e-1	9.095181e-2	2.327462e-2	0.000000e+0	1.405000e-6
8.665850e+2	5.000000e-1	5.972765e-3	2.300000e-2	0.000000e+0	0.000000e+0
9.051658e+2	5.000000e-1	5.576808e-2	2.373781e-2	0.000000e+0	0.000000e+0
9.251992e+2	5.000000e-1	1.577952e-2	2.300000e-2	0.000000e+0	0.000000e+0
9.371743e+2	5.000000e-1	1.559197e-1	2.368092e-2	0.000000e+0	0.000000e+0
9.586676e+2	5.000000e-1	2.129781e-1	2.318127e-2	0.000000e+0	0.000000e+0
9.917567e+2	5.000000e-1	3.947178e-1	2.422317e-2	0.000000e+0	0.000000e+0
1.006279e+3	5.000000e-1	4.066097e-5	2.300000e-2	0.000000e+0	0.000000e+0
1.023113e+3	5.000000e-1	9.173014e-3	2.300000e-2	0.000000e+0	0.000000e+0
1.054636e+3	5.000000e-1	9.560141e-2	2.300000e-2	0.000000e+0	0.000000e+0
1.057848e+3	5.000000e-1	7.852774e-5	2.300000e-2	0.000000e+0	0.000000e+0
1.098862e+3	5.000000e-1	2.158873e-2	2.300000e-2	0.000000e+0	0.000000e+0
1.109266e+3	5.000000e-1	3.671869e-2	2.300000e-2	0.000000e+0	0.000000e+0
1.140529e+3	5.000000e-1	2.373495e-1	2.300000e-2	2.338000e-6	0.000000e+0
1.167828e+3	5.000000e-1	9.033078e-2	2.300000e-2	0.000000e+0	1.530001e-5
1.177396e+3	5.000000e-1	6.635805e-2	2.300000e-2	0.000000e+0	0.000000e+0
1.195029e+3	5.000000e-1	9.601796e-2	2.300000e-2	0.000000e+0	0.000000e+0
1.211316e+3	5.000000e-1	1.056860e-2	6.600000e-3	2.360000e-4	0.000000e+0
1.245270e+3	5.000000e-1	2.602712e-1	2.300000e-2	0.000000e+0	0.000000e+0
1.267256e+3	5.000000e-1	2.962110e-2	2.300000e-2	0.000000e+0	0.000000e+0
1.273199e+3	5.000000e-1	2.634229e-2	2.300000e-2	0.000000e+0	0.000000e+0
1.298820e+3	5.000000e-1	3.931689e-3	2.300000e-2	0.000000e+0	0.000000e+0
1.326181e+3	5.000000e-1	5.961288e-5	2.300000e-2	0.000000e+0	0.000000e+0
1.337059e+3	5.000000e-1	9.435315e-5	2.300000e-2	0.000000e+0	0.000000e+0
1.361167e+3	5.000000e-1	4.770218e-4	2.300000e-2	0.000000e+0	0.000000e+0
1.394043e+3	5.000000e-1	2.146149e-1	2.300000e-2	0.000000e+0	0.000000e+0
1.405670e+3	5.000000e-1	7.462525e-2	2.300000e-2	0.000000e+0	0.000000e+0
1.420006e+3	5.000000e-1	9.781326e-3	2.300000e-2	0.000000e+0	0.000000e+0
1.428249e+3	5.000000e-1	2.964423e-2	2.300000e-2	0.000000e+0	0.000000e+0
1.444330e+3	5.000000e-1	1.724881e-2	2.300000e-2	0.000000e+0	0.000000e+0
1.474083e+3	5.000000e-1	1.242693e-1	2.300000e-2	0.000000e+0	0.000000e+0
1.490986e+3	5.000000e-1	1.165119e-4	2.300000e-2	0.000000e+0	0.000000e+0
1.522954e+3	5.000000e-1	2.487426e-1	2.300000e-2	0.000000e+0	0.000000e+0
1.558081e+3	5.000000e-1	7.577482e-5	2.300000e-2	0.000000e+0	0.000000e+0
1.565540e+3	5.000000e-1	5.919023e-3	2.300000e-2	0.000000e+0	0.000000e+0
1.591689e+3	5.000000e-1	1.362036e-3	2.300000e-2	0.000000e+0	0.000000e+0
1.598157e+3	5.000000e-1	3.836302e-1	2.300000e-2	0.000000e+0	0.000000e+0
1.622947e+3	5.000000e-1	1.039565e-1	2.300000e-2	0.000000e+0	0.000000e+0
1.638339e+3	5.000000e-1	5.070247e-2	2.300000e-2	0.000000e+0	0.000000e+0
1.662697e+3	5.000000e-1	2.298212e-1	2.300000e-2	0.000000e+0	0.000000e+0
1.689048e+3	5.000000e-1	1.084850e-1	2.300000e-2	0.000000e+0	0.000000e+0
1.710061e+3	5.000000e-1	8.573582e-2	2.300000e-2	0.000000e+0	0.000000e+0
1.723054e+3	5.000000e-1	1.914635e-2	2.300000e-2	0.000000e+0	0.000000e+0
1.756141e+3	5.000000e-1	1.347726e-1	2.300000e-2	0.000000e+0	0.000000e+0
1.782612e+3	5.000000e-1	2.340321e-1	2.300000e-2	0.000000e+0	0.000000e+0
1.783173e+3	5.000000e-1	4.264923e-1	2.300000e-2	0.000000e+0	0.000000e+0
1.808670e+3	5.000000e-1	2.056014e-2	2.300000e-2	0.000000e+0	0.000000e+0
1.823955e+3	5.000000e-1	8.941746e-4	2.300000e-2	0.000000e+0	0.000000e+0
1.846349e+3	5.000000e-1	1.214261e-2	2.300000e-2	0.000000e+0	0.000000e+0
1.867306e+3	5.000000e-1	9.129322e-4	2.300000e-2	0.000000e+0	0.000000e+0
1.903084e+3	5.000000e-1	4.726108e-2	2.300000e-2	0.000000e+0	0.000000e+0
1.917437e+3	5.000000e-1	4.431647e-2	2.300000e-2	0.000000e+0	0.000000e+0
1.954048e+3	5.000000e-1	4.449599e-3	2.300000e-2	0.000000e+0	0.000000e+0
1.969286e+3	5.000000e-1	8.020010e-1	2.300000e-2	0.000000e+0	0.000000e+0
1.975179e+3	5.000000e-1	4.743669e-1	2.300000e-2	0.000000e+0	0.000000e+0
2.000884e+3	5.000000e-1	4.504840e-4	2.300000e-2	0.000000e+0	0.000000e+0
2.023994e+3	5.000000e-1	2.309049e-1	2.300000e-2	0.000000e+0	0.000000e+0
2.030790e+3	5.000000e-1	5.093037e-2	2.300000e-2	0.000000e+0	0.000000e+0
2.052947e+3	5.000000e-1	7.817347e-4	2.300000e-2	0.000000e+0	0.000000e+0
2.088873e+3	5.000000e-1	2.831705e-2	2.300000e-2	0.000000e+0	0.000000e+0
2.096598e+3	5.000000e-1	3.089419e-2	2.300000e-2	0.000000e+0	0.000000e+0
2.124435e+3	5.000000e-1	3.317021e-3	2.300000e-2	0.000000e+0	0.000000e+0
2.145861e+3	5.000000e-1	7.526061e-2	2.300000e-2	0.000000e+0	0.000000e+0
2.153069e+3	5.000000e-1	3.090425e-1	2.300000e-2	0.000000e+0	0.000000e+0
2.186902e+3	5.000000e-1	6.023286e-1	2.300000e-2	0.000000e+0	0.000000e+0
2.201649e+3	5.000000e-1	1.110955e-1	2.680435e-2	0.000000e+0	0.000000e+0
2.260032e+3	5.000000e-1	1.034563e-1	2.300000e-2	0.000000e+0	0.000000e+0
2.264501e+3	5.000000e-1	6.615532e-3	2.300000e-2	0.000000e+0	0.000000e+0
2.266895e+3	5.000000e-1	2.356386e-1	2.300000e-2	0.000000e+0	0.000000e+0
2.282240e+3	5.000000e-1	2.006990e-1	2.300000e-2	0.000000e+0	0.000000e+0
2.316226e+3	5.000000e-1	1.845779e-2	2.300000e-2	0.000000e+0	0.000000e+0
2.353105e+3	5.000000e-1	5.269077e-2	2.300000e-2	0.000000e+0	0.000000e+0
2.356074e+3	5.000000e-1	8.988778e-2	2.300000e-2	0.000000e+0	0.000000e+0
2.392339e+3	5.000000e-1	3.259065e-2	2.300000e-2	0.000000e+0	0.000000e+0
2.427269e+3	5.000000e-1	1.647743e-1	2.300000e-2	0.000000e+0	0.000000e+0
2.447077e+3	5.000000e-1	2.308380e-1	2.300000e-2	0.000000e+0	0.000000e+0
2.456108e+3	5.000000e-1	2.077677e-2	2.300000e-2	0.000000e+0	0.000000e+0
2.489539e+3	5.000000e-1	1.078411e-1	2.300000e-2	0.000000e+0	0.000000e+0
2.509107e+3	5.000000e-1	2.602416e-4	2.300000e-2	0.000000e+0	0.000000e+0
2.521730e+3	5.000000e-1	2.318521e-2	2.300000e-2	0.000000e+0	0.000000e+0
2.548545e+3	5.000000e-1	7.375361e-1	2.300000e-2	0.000000e+0	0.000000e+0
2.559933e+3	5.000000e-1	2.972703e-1	2.300000e-2	0.000000e+0	0.000000e+0
2.581518e+3	5.000000e-1	4.731503e-1	2.300000e-2	0.000000e+0	0.000000e+0
2.597990e+3	5.000000e-1	7.974298e-1	2.300000e-2	0.000000e+0	0.000000e+0
2.620420e+3	5.000000e-1	5.149754e-2	2.300000e-2	0.000000e+0	0.000000e+0
2.647606e+3	5.000000e-1	4.378419e-4	2.300000e-2	0.000000e+0	0.000000e+0
2.672583e+3	5.000000e-1	3.016602e-1	2.300000e-2	0.000000e+0	0.000000e+0
2.696904e+3	5.000000e-1	3.783731e-2	2.300000e-2	0.000000e+0	0.000000e+0
2.717682e+3	5.000000e-1	1.795560e-1	2.300000e-2	0.000000e+0	0.000000e+0
2.751210e+3	5.000000e-1	4.834270e-2	2.841407e-2	0.000000e+0	0.000000e+0
2.763012e+3	5.000000e-1	2.079193e-2	2.300000e-2	0.000000e+0	0.000000e+0
2.787890e+3	5.000000e-1	2.049485e-2	2.300000e-2	0.000000e+0	0.000000e+0
2.806879e+3	5.000000e-1	1.237457e-2	2.300000e-2	0.000000e+0	0.000000e+0
2.829768e+3	5.000000e-1	2.494909e-2	2.300000e-2	0.000000e+0	0.000000e+0
2.865839e+3	5.000000e-1	2.260981e-1	2.300000e-2	0.000000e+0	0.000000e+0
2.883210e+3	5.000000e-1	6.723084e-1	2.300000e-2	0.000000e+0	0.000000e+0
2.897748e+3	5.000000e-1	2.541278e-2	2.300000e-2	0.000000e+0	0.000000e+0
2.934110e+3	5.000000e-1	4.527050e-2	2.300000e-2	0.000000e+0	0.000000e+0
2.957455e+3	5.000000e-1	2.819959e-2	2.300000e-2	0.000000e+0	0.000000e+0
2.968100e+3	5.000000e-1	4.366379e-3	2.300000e-2	0.000000e+0	0.000000e+0
3.004080e+3	5.000000e-1	1.401481e-1	2.300000e-2	0.000000e+0	0.000000e+0
3.029099e+3	5.000000e-1	1.505413e-1	2.300000e-2	0.000000e+0	0.000000e+0
3.044302e+3	5.000000e-1	3.814380e-3	2.300000e-2	0.000000e+0	0.000000e+0
3.060055e+3	5.000000e-1	3.708704e-2	2.300000e-2	0.000000e+0	0.000000e+0
3.081600e+3	5.000000e-1	2.921913e-3	2.300000e-2	0.000000e+0	0.000000e+0
3.110721e+3	5.000000e-1	2.336572e-1	2.300000e-2	0.000000e+0	0.000000e+0
3.149532e+3	5.000000e-1	1.320095e-1	2.300000e-2	0.000000e+0	0.000000e+0
3.179373e+3	5.000000e-1	1.061264e-1	2.300000e-2	0.000000e+0	0.000000e+0
3.189409e+3	5.000000e-1	1.252624e-1	2.300000e-2	0.000000e+0	0.000000e+0
3.206311e+3	5.000000e-1	1.055359e-1	2.300000e-2	0.000000e+0	0.000000e+0
3.226875e+3	5.000000e-1	3.190292e-2	2.300000e-2	0.000000e+0	0.000000e+0
3.249380e+3	5.000000e-1	3.361968e-2	2.300000e-2	0.000000e+0	0.000000e+0
3.280026e+3	5.000000e-1	3.039860e-1	2.300000e-2	0.000000e+0	0.000000e+0
3.312696e+3	5.000000e-1	1.764390e-1	2.300000e-2	0.000000e+0	0.000000e+0
3.322164e+3	5.000000e-1	1.581615e-1	2.300000e-2	0.000000e+0	0.000000e+0
3.334158e+3	5.000000e-1	1.238760e-1	2.300000e-2	0.000000e+0	0.000000e+0
3.356270e+3	5.000000e-1	1.379145e-1	2.300000e-2	0.000000e+0	0.000000e+0
3.390257e+3	5.000000e-1	3.000896e-2	2.300000e-2	0.000000e+0	0.000000e+0
3.409237e+3	5.000000e-1	2.525246e-1	2.300000e-2	0.000000e+0	0.000000e+0
3.413967e+3	5.000000e-1	1.962429e-3	2.300000e-2	0.000000e+0	0.000000e+0
3.436962e+3	5.000000e-1	4.339269e-1	2.300000e-2	0.000000e+0	0.000000e+0
3.458723e+3	5.000000e-1	7.505932e-1	2.300000e-2	0.000000e+0	0.000000e+0
3.486272e+3	5.000000e-1	1.060517e-1	2.300000e-2	0.000000e+0	0.000000e+0
3.496400e+3	5.000000e-1	1.013625e-2	2.300000e-2	0.000000e+0	0.000000e+0
3.522377e+3	5.000000e-1	2.257609e-3	2.300000e-2	0.000000e+0	0.000000e+0
3.543249e+3	5.000000e-1	5.736525e-4	2.300000e-2	0.000000e+0	0.000000e+0
3.562107e+3	5.000000e-1	2.616351e-1	2.300000e-2	0.000000e+0	0.000000e+0
3.574573e+3	5.000000e-1	4.529844e-1	2.300000e-2	0.000000e+0	0.000000e+0
3.595455e+3	5.000000e-1	5.631498e-2	2.700000e-2	0.000000e+0	0.000000e+0
3.623807e+3	5.000000e-1	3.115780e-2	2.700000e-2	0.000000e+0	0.000000e+0
3.630340e+3	5.000000e-1	5.605452e-1	2.300000e-2	0.000000e+0	0.000000e+0
3.662239e+3	5.000000e-1	2.830716e-3	2.300000e-2	0.000000e+0	0.000000e+0
3.693751e+3	5.000000e-1	4.191735e-1	2.300000e-2	0.000000e+0	0.000000e+0
3.717218e+3	5.000000e-1	9.840161e-2	2.300000e-2	0.000000e+0	0.000000e+0
3.734741e+3	5.000000e-1	2.293132e-1	2.300000e-2	0.000000e+0	0.000000e+0
3.747378e+3	5.000000e-1	9.143671e-4	2.300000e-2	0.000000e+0	0.000000e+0
3.765657e+3	5.000000e-1	1.063557e-1	2.300000e-2	0.000000e+0	0.000000e+0
3.782532e+3	5.000000e-1	4.866340e-1	2.300000e-2	0.000000e+0	0.000000e+0
3.808361e+3	5.000000e-1	6.020729e-4	2.300000e-2	0.000000e+0	0.000000e+0
3.832550e+3	5.000000e-1	1.406470e-2	2.300000e-2	0.000000e+0	0.000000e+0
3.858445e+3	5.000000e-1	6.113172e-1	2.300000e-2	0.000000e+0	0.000000e+0
3.873740e+3	5.000000e-1	1.976620e-1	2.300000e-2	0.000000e+0	0.000000e+0
3.902824e+3	5.000000e-1	3.114265e-1	2.300000e-2	0.000000e+0	0.000000e+0
3.915610e+3	5.000000e-1	1.231596e-1	2.300000e-2	0.000000e+0	0.000000e+0
3.940660e+3	5.000000e-1	1.819620e-1	2.300000e-2	0.000000e+0	0.000000e+0
3.955553e+3	5.000000e-1	1.451707e-1	2.300000e-2	0.000000e+0	0.000000e+0
3.963002e+3	5.000000e-1	8.695196e-4	2.300000e-2	0.000000e+0	0.000000e+0
3.999178e+3	5.000000e-1	4.020890e-4	2.300000e-2	0.000000e+0	0.000000e+0
4.016072e+3	5.000000e-1	2.087777e-3	2.300000e-2	0.000000e+0	0.000000e+0
4.037955e+3	5.000000e-1	6.935599e-4	2.300000e-2	0.000000e+0	0.000000e+0
4.042364e+3	5.000000e-1	8.084638e-2	2.300000e-2	0.000000e+0	0.000000e+0
4.065199e+3	5.000000e-1	3.058732e-2	2.300000e-2	0.000000e+0	0.000000e+0
4.091120e+3	5.000000e-1	1.272401e-1	2.827252e-2	0.000000e+0	0.000000e+0
4.126347e+3	5.000000e-1	4.527064e-2	2.300000e-2	0.000000e+0	0.000000e+0
4.133731e+3	5.000000e-1	4.753698e-3	2.300000e-2	0.000000e+0	0.000000e+0
4.169730e+3	5.000000e-1	1.907633e-1	2.300000e-2	0.000000e+0	0.000000e+0
4.179794e+3	5.000000e-1	3.410433e-2	2.300000e-2	0.000000e+0	0.000000e+0
4.211822e+3	5.000000e-1	6.199208e-2	2.300000e-2	0.000000e+0	0.000000e+0
4.226694e+3	5.000000e-1	9.651582e-3	2.300000e-2	0.000000e+0	0.000000e+0
4.258586e+3	5.000000e-1	3.581851e-3	2.300000e-2	0.000000e+0	0.000000e+0
4.300666e+3	5.000000e-1	1.680669e-1	2.300000e-2	0.000000e+0	0.000000e+0
4.308147e+3	5.000000e-1	1.142526e-1	2.300000e-2	0.000000e+0	0.000000e+0
4.326352e+3	5.000000e-1	9.903093e-2	2.300000e-2	0.000000e+0	0.000000e+0
4.335369e+3	5.000000e-1	1.332022e-2	2.300000e-2	0.000000e+0	0.000000e+0
4.371148e+3	5.000000e-1	1.068084e-1	2.300000e-2	0.000000e+0	0.000000e+0
4.376098e+3	5.000000e-1	4.979183e-2	2.300000e-2	0.000000e+0	0.000000e+0
4.396848e+3	5.000000e-1	8.057211e-3	2.300000e-2	0.000000e+0	0.000000e+0
4.436792e+3	5.000000e-1	1.113420e-1	2.300000e-2	0.000000e+0	0.000000e+0
4.460454e+3	5.000000e-1	1.001510e-5	2.300000e-2	0.000000e+0	0.000000e+0
4.503620e+3	5.000000e-1	9.124202e-3	2.300000e-2	0.000000e+0	0.000000e+0
4.513108e+3	5.000000e-1	6.487950e-1	2.300000e-2	0.000000e+0	0.000000e+0
4.529902e+3	5.000000e-1	2.105830e-3	2.300000e-2	0.000000e+0	0.000000e+0
4.544872e+3	5.000000e-1	1.225120e-1	2.300000e-2	0.000000e+0	0.000000e+0
4.569076e+3	5.000000e-1	5.466689e-2	2.300000e-2	0.000000e+0	0.000000e+0
4.595632e+3	5.000000e-1	3.785681e-2	2.300000e-2	0.000000e+0	0.000000e+0
4.619500e+3	5.000000e-1	2.282990e-2	2.300000e-2	0.000000e+0	0.000000e+0
4.633742e+3	5.000000e-1	3.131260e-2	2.300000e-2	0.000000e+0	0.000000e+0
4.664261e+3	5.000000e-1	1.536078e-1	2.610938e-2	0.000000e+0	0.000000e+0
4.696712e+3	5.000000e-1	3.891224e-2	2.300000e-2	0.000000e+0	0.000000e+0
4.707177e+3	5.000000e-1	3.425579e-1	2.300000e-2	0.000000e+0	0.000000e+0
4.729063e+3	5.000000e-1	3.555834e-2	2.300000e-2	0.000000e+0	0.000000e+0
4.738112e+3	5.000000e-1	7.562195e-4	2.300000e-2	0.000000e+0	0.000000e+0
4.766924e+3	5.000000e-1	3.771599e-2	2.300000e-2	0.000000e+0	0.000000e+0
4.786256e+3	5.000000e-1	2.057600e-2	2.300000e-2	0.000000e+0	0.000000e+0
4.801223e+3	5.000000e-1	1.906569e-1	2.300000e-2	0.000000e+0	0.000000e+0
4.813067e+3	5.000000e-1	5.147192e-3	2.300000e-2	0.000000e+0	0.000000e+0
4.840500e+3	5.000000e-1	1.871240e-2	2.300000e-2	0.000000e+0	0.000000e+0
4.860856e+3	5.000000e-1	2.827342e-1	2.300000e-2	0.000000e+0	0.000000e+0
4.900259e+3	5.000000e-1	1.211108e-1	2.300000e-2	0.000000e+0	0.000000e+0
4.909500e+3	5.000000e-1	1.496461e-1	2.300000e-2	0.000000e+0	0.000000e+0
4.922516e+3	5.000000e-1	2.083487e-1	2.300000e-2	0.000000e+0	0.000000e+0
4.956944e+3	5.000000e-1	1.676264e-1	2.300000e-2	0.000000e+0	0.000000e+0
4.975261e+3	5.000000e-1	7.780372e-2	2.300000e-2	0.000000e+0	0.000000e+0
5.008180e+3	5.000000e-1	5.821383e-2	2.300000e-2	0.000000e+0	0.000000e+0
5.037629e+3	5.000000e-1	2.786770e-1	2.300000e-2	0.000000e+0	0.000000e+0
5.041500e+3	5.000000e-1	3.077546e-2	2.300000e-2	0.000000e+0	0.000000e+0
5.075946e+3	5.000000e-1	2.770236e-2	2.300000e-2	0.000000e+0	0.000000e+0
5.089427e+3	5.000000e-1	5.740208e-2	2.300000e-2	0.000000e+0	0.000000e+0
5.119801e+3	5.000000e-1	1.790616e-1	2.300000e-2	0.000000e+0	0.000000e+0
5.138460e+3	5.000000e-1	4.237032e-3	1.759014e-2	0.000000e+0	0.000000e+0
5.165616e+3	5.000000e-1	1.816358e-2	2.300000e-2	0.000000e+0	0.000000e+0
5.178786e+3	5.000000e-1	5.482578e-3	2.300000e-2	0.000000e+0	0.000000e+0
5.196865e+3	5.000000e-1	9.567772e-3	2.300000e-2	0.000000e+0	0.000000e+0
5.215499e+3	5.000000e-1	7.325897e-3	2.300000e-2	0.000000e+0	0.000000e+0
5.222047e+3	5.000000e-1	3.884766e-2	2.300000e-2	0.000000e+0	0.000000e+0
5.244278e+3	5.000000e-1	4.215087e-2	2.600000e-2	0.000000e+0	0.000000e+0
5.261078e+3	5.000000e-1	1.919359e-1	2.300000e-2	0.000000e+0	0.000000e+0
5.280065e+3	5.000000e-1	1.786844e-2	2.300000e-2	0.000000e+0	0.000000e+0
5.303489e+3	5.000000e-1	2.002834e-5	2.300000e-2	0.000000e+0	0.000000e+0
5.311534e+3	5.000000e-1	3.249332e-2	2.300000e-2	0.000000e+0	0.000000e+0
5.346729e+3	5.000000e-1	7.162352e-2	2.300000e-2	0.000000e+0	0.000000e+0
5.355020e+3	5.000000e-1	1.263581e-1	2.300000e-2	0.000000e+0	0.000000e+0
5.367399e+3	5.000000e-1	2.431194e-2	2.300000e-2	0.000000e+0	0.000000e+0
5.421636e+3	5.000000e-1	7.940665e-2	2.300000e-2	0.000000e+0	0.000000e+0
5.431716e+3	5.000000e-1	4.105361e-2	2.300000e-2	0.000000e+0	0.000000e+0
5.485014e+3	5.000000e-1	3.734567e-1	2.300000e-2	0.000000e+0	0.000000e+0
5.490090e+3	5.000000e-1	2.142375e-1	2.300000e-2	0.000000e+0	0.000000e+0
5.505532e+3	5.000000e-1	2.989369e-2	2.300000e-2	0.000000e+0	0.000000e+0
5.531337e+3	5.000000e-1	8.725281e-2	2.300000e-2	0.000000e+0	0.000000e+0
5.554074e+3	5.000000e-1	1.624947e-1	2.300000e-2	0.000000e+0	0.000000e+0
5.580277e+3	5.000000e-1	8.437264e-2	2.300000e-2	0.000000e+0	0.000000e+0
5.618613e+3	5.000000e-1	1.000030e-7	2.300000e-2	0.000000e+0	0.000000e+0
5.638985e+3	5.000000e-1	4.926759e-1	2.300000e-2	0.000000e+0	0.000000e+0
5.651662e+3	5.000000e-1	5.966969e-1	2.300000e-2	0.000000e+0	0.000000e+0
5.674609e+3	5.000000e-1	1.031089e-1	2.300000e-2	0.000000e+0	0.000000e+0
5.684356e+3	5.000000e-1	1.463113e-1	2.300000e-2	0.000000e+0	0.000000e+0
5.697666e+3	5.000000e-1	3.683321e-2	2.189845e-2	0.000000e+0	2.859981e-5
5.733974e+3	5.000000e-1	4.110811e-2	2.300000e-2	2.770000e-5	0.000000e+0
5.758421e+3	5.000000e-1	1.282048e-1	2.300000e-2	0.000000e+0	0.000000e+0
5.790993e+3	5.000000e-1	5.640594e-2	2.300000e-2	0.000000e+0	0.000000e+0
5.815287e+3	5.000000e-1	1.294579e-1	2.300000e-2	0.000000e+0	0.000000e+0
5.828917e+3	5.000000e-1	1.073668e-1	2.300000e-2	0.000000e+0	0.000000e+0
5.840123e+3	5.000000e-1	1.649625e-1	2.300000e-2	0.000000e+0	0.000000e+0
5.862547e+3	5.000000e-1	2.019437e-1	2.300000e-2	0.000000e+0	0.000000e+0
5.874137e+3	5.000000e-1	4.431240e-2	2.300000e-2	0.000000e+0	0.000000e+0
5.919689e+3	5.000000e-1	4.140437e-1	2.300000e-2	0.000000e+0	0.000000e+0
5.945190e+3	5.000000e-1	7.113852e-3	2.300000e-2	0.000000e+0	0.000000e+0
5.970108e+3	5.000000e-1	1.662402e-2	2.300000e-2	0.000000e+0	0.000000e+0
5.975826e+3	5.000000e-1	2.935149e-2	2.300000e-2	0.000000e+0	0.000000e+0
5.997919e+3	5.000000e-1	8.601646e-2	2.300000e-2	0.000000e+0	0.000000e+0
6.038169e+3	5.000000e-1	5.426922e-1	2.300000e-2	0.000000e+0	0.000000e+0
6.051128e+3	5.000000e-1	1.800781e-1	2.300000e-2	0.000000e+0	0.000000e+0
6.061568e+3	5.000000e-1	1.783431e-1	2.300000e-2	0.000000e+0	0.000000e+0
6.061761e+3	5.000000e-1	1.794597e-1	2.300000e-2	0.000000e+0	0.000000e+0
6.093555e+3	5.000000e-1	4.630441e-2	2.300000e-2	0.000000e+0	0.000000e+0
6.131562e+3	5.000000e-1	9.054149e-4	2.300000e-2	0.000000e+0	0.000000e+0
6.170771e+3	5.000000e-1	1.118375e+0	2.300000e-2	0.000000e+0	0.000000e+0
6.172936e+3	5.000000e-1	3.166967e-1	2.300000e-2	0.000000e+0	0.000000e+0
6.196120e+3	5.000000e-1	1.344356e-1	2.300000e-2	0.000000e+0	0.000000e+0
6.201684e+3	5.000000e-1	2.168161e-1	2.300000e-2	0.000000e+0	0.000000e+0
6.233764e+3	5.000000e-1	1.835685e-1	2.300000e-2	0.000000e+0	0.000000e+0
6.248882e+3	5.000000e-1	2.780393e-1	2.300000e-2	0.000000e+0	0.000000e+0
6.299467e+3	5.000000e-1	1.653188e-2	2.300000e-2	0.000000e+0	0.000000e+0
6.322599e+3	5.000000e-1	6.460971e-2	2.300000e-2	0.000000e+0	0.000000e+0
6.343896e+3	5.000000e-1	2.136671e-1	2.300000e-2	0.000000e+0	0.000000e+0
6.345121e+3	5.000000e-1	4.035594e-2	2.300000e-2	0.000000e+0	0.000000e+0
6.381633e+3	5.000000e-1	2.515572e-2	2.300000e-2	0.000000e+0	0.000000e+0
6.394234e+3	5.000000e-1	6.909714e-3	2.300000e-2	0.000000e+0	0.000000e+0
6.415698e+3	5.000000e-1	2.358042e-2	2.300000e-2	0.000000e+0	0.000000e+0
6.430833e+3	5.000000e-1	1.215939e-2	2.300000e-2	0.000000e+0	0.000000e+0
6.446438e+3	5.000000e-1	9.472538e-2	2.300000e-2	0.000000e+0	0.000000e+0
6.461707e+3	5.000000e-1	8.287402e-1	2.300000e-2	0.000000e+0	0.000000e+0
6.508081e+3	5.000000e-1	3.072312e-1	2.300000e-2	0.000000e+0	0.000000e+0
6.540601e+3	5.000000e-1	4.139282e-1	2.300000e-2	0.000000e+0	0.000000e+0
6.551931e+3	5.000000e-1	3.248279e-1	2.300000e-2	0.000000e+0	0.000000e+0
6.552226e+3	5.000000e-1	3.683486e-2	2.300000e-2	0.000000e+0	0.000000e+0
6.567622e+3	5.000000e-1	1.167201e-2	2.300000e-2	0.000000e+0	0.000000e+0
6.596496e+3	5.000000e-1	1.781355e-2	2.300000e-2	0.000000e+0	0.000000e+0
6.636352e+3	5.000000e-1	8.821767e-2	2.300000e-2	0.000000e+0	0.000000e+0
6.702507e+3	5.000000e-1	4.532936e-3	2.300000e-2	0.000000e+0	0.000000e+0
6.714602e+3	5.000000e-1	4.454760e-1	2.300000e-2	0.000000e+0	0.000000e+0
6.743773e+3	5.000000e-1	9.488113e-1	2.300000e-2	0.000000e+0	0.000000e+0
6.764831e+3	5.000000e-1	9.022598e-2	2.300000e-2	0.000000e+0	0.000000e+0
6.783990e+3	5.000000e-1	6.574443e-2	2.300000e-2	0.000000e+0	0.000000e+0
6.797164e+3	5.000000e-1	5.876587e-2	2.300000e-2	0.000000e+0	0.000000e+0
6.816861e+3	5.000000e-1	1.067843e-2	2.300000e-2	0.000000e+0	0.000000e+0
6.828436e+3	5.000000e-1	9.221444e-2	3.107507e-2	0.000000e+0	0.000000e+0
6.879546e+3	5.000000e-1	5.694887e-1	2.300000e-2	0.000000e+0	0.000000e+0
6.893958e+3	5.000000e-1	1.116039e-1	2.300000e-2	0.000000e+0	0.000000e+0
6.895415e+3	5.000000e-1	5.560791e-2	2.300000e-2	0.000000e+0	0.000000e+0
6.929916e+3	5.000000e-1	1.831510e-1	2.300000e-2	0.000000e+0	0.000000e+0
6.958353e+3	5.000000e-1	1.137815e-1	2.300000e-2	0.000000e+0	0.000000e+0
6.969432e+3	5.000000e-1	3.221362e-1	2.300000e-2	0.000000e+0	0.000000e+0
6.994424e+3	5.000000e-1	9.402937e-4	2.300000e-2	0.000000e+0	0.000000e+0
7.012744e+3	5.000000e-1	6.806429e-3	2.300000e-2	0.000000e+0	0.000000e+0
7.027051e+3	5.000000e-1	1.184688e-1	2.300000e-2	0.000000e+0	0.000000e+0
7.065186e+3	5.000000e-1	2.203373e-1	2.300000e-2	0.000000e+0	0.000000e+0
7.074631e+3	5.000000e-1	1.205432e-1	2.300000e-2	0.000000e+0	0.000000e+0
7.093438e+3	5.000000e-1	4.812536e-3	2.300000e-2	0.000000e+0	5.933000e-4
7.128190e+3	5.000000e-1	6.334233e-2	2.300000e-2	1.042000e-4	0.000000e+0
7.146987e+3	5.000000e-1	3.104864e-2	2.300000e-2	0.000000e+0	0.000000e+0
7.170365e+3	5.000000e-1	2.674601e-2	2.300000e-2	0.000000e+0	0.000000e+0
7.188205e+3	5.000000e-1	8.701978e-3	2.449348e-2	0.000000e+0	0.000000e+0
7.189015e+3	5.000000e-1	3.058560e-1	2.186271e-2	0.000000e+0	0.000000e+0
7.204667e+3	5.000000e-1	2.760112e-1	1.537589e-2	0.000000e+0	0.000000e+0
7.219545e+3	5.000000e-1	1.528547e-1	2.300000e-2	0.000000e+0	0.000000e+0
7.238890e+3	5.000000e-1	1.834094e-2	2.300000e-2	0.000000e+0	0.000000e+0
7.251537e+3	5.000000e-1	1.239290e-1	2.300000e-2	0.000000e+0	0.000000e+0
7.287793e+3	5.000000e-1	5.956917e-1	2.300000e-2	0.000000e+0	0.000000e+0
7.301746e+3	5.000000e-1	1.960839e-2	2.300000e-2	0.000000e+0	0.000000e+0
7.326762e+3	5.000000e-1	5.113113e-3	2.300000e-2	0.000000e+0	0.000000e+0
7.354450e+3	5.000000e-1	3.900918e-3	2.300000e-2	0.000000e+0	0.000000e+0
7.375237e+3	5.000000e-1	4.809437e-2	2.300000e-2	0.000000e+0	0.000000e+0
7.401049e+3	5.000000e-1	1.891055e-2	2.300000e-2	0.000000e+0	0.000000e+0
7.420380e+3	5.000000e-1	2.876270e-1	2.300000e-2	0.000000e+0	3.410000e-4
7.432336e+3	5.000000e-1	6.537060e-2	2.300000e-2	0.000000e+0	0.000000e+0
7.478921e+3	5.000000e-1	2.200882e-3	2.300000e-2	0.000000e+0	0.000000e+0
7.503370e+3	5.000000e-1	1.468091e-2	2.300000e-2	0.000000e+0	0.000000e+0
7.524020e+3	5.000000e-1	2.568176e-1	2.300000e-2	0.000000e+0	0.000000e+0
7.541562e+3	5.000000e-1	2.199104e-1	2.300000e-2	0.000000e+0	0.000000e+0
7.562319e+3	5.000000e-1	2.052152e-1	2.300000e-2	0.000000e+0	0.000000e+0
7.593640e+3	5.000000e-1	3.627650e-1	2.300000e-2	0.000000e+0	0.000000e+0
7.618060e+3	5.000000e-1	1.652246e-1	2.300000e-2	0.000000e+0	0.000000e+0
7.625820e+3	5.000000e-1	6.049523e-2	3.525956e-2	0.000000e+0	0.000000e+0
7.638128e+3	5.000000e-1	1.769023e-3	2.300000e-2	0.000000e+0	0.000000e+0
7.669504e+3	5.000000e-1	1.239170e-2	2.300000e-2	0.000000e+0	0.000000e+0
7.683518e+3	5.000000e-1	1.102660e-1	2.300000e-2	0.000000e+0	0.000000e+0
7.700435e+3	5.000000e-1	3.823124e-1	2.300000e-2	0.000000e+0	0.000000e+0
7.735028e+3	5.000000e-1	8.076880e-2	2.300000e-2	0.000000e+0	0.000000e+0
7.756228e+3	5.000000e-1	8.277995e-4	2.300000e-2	0.000000e+0	0.000000e+0
7.782291e+3	5.000000e-1	6.186266e-1	2.300000e-2	1.583000e-4	0.000000e+0
7.808622e+3	5.000000e-1	2.964863e-1	2.300000e-2	0.000000e+0	1.640000e-4
7.811703e+3	5.000000e-1	1.566798e-1	2.300000e-2	0.000000e+0	0.000000e+0
7.843933e+3	5.000000e-1	9.300753e-2	2.300000e-2	0.000000e+0	0.000000e+0
7.848563e+3	5.000000e-1	6.763357e-2	2.300000e-2	0.000000e+0	0.000000e+0
7.910635e+3	5.000000e-1	8.653594e-2	2.300000e-2	0.000000e+0	0.000000e+0
7.930093e+3	5.000000e-1	4.329624e-3	2.300000e-2	0.000000e+0	0.000000e+0
7.945892e+3	5.000000e-1	9.418367e-3	2.300000e-2	0.000000e+0	0.000000e+0
7.961273e+3	5.000000e-1	1.526103e-2	2.300000e-2	0.000000e+0	0.000000e+0
7.980545e+3	5.000000e-1	1.234580e-1	2.300000e-2	0.000000e+0	0.000000e+0
7.997518e+3	5.000000e-1	5.656000e-3	2.300000e-2	0.000000e+0	0.000000e+0
8.037047e+3	5.000000e-1	3.311427e-1	2.300000e-2	0.000000e+0	0.000000e+0
8.049320e+3	5.000000e-1	8.163597e-1	2.300000e-2	0.000000e+0	0.000000e+0
8.061575e+3	5.000000e-1	3.704956e-3	2.300000e-2	0.000000e+0	0.000000e+0
8.091445e+3	5.000000e-1	4.110066e-3	2.300000e-2	0.000000e+0	0.000000e+0
8.106042e+3	5.000000e-1	7.890378e-1	2.300000e-2	0.000000e+0	0.000000e+0
8.140753e+3	5.000000e-1	2.884171e-1	2.300000e-2	0.000000e+0	0.000000e+0
8.142163e+3	5.000000e-1	3.533546e-2	2.300000e-2	0.000000e+0	0.000000e+0
8.154520e+3	5.000000e-1	2.534773e-2	2.300000e-2	0.000000e+0	0.000000e+0
8.201861e+3	5.000000e-1	5.543556e-3	2.300000e-2	0.000000e+0	0.000000e+0
8.206517e+3	5.000000e-1	5.230895e-1	2.300000e-2	0.000000e+0	0.000000e+0
8.217574e+3	5.000000e-1	5.025359e-1	2.300000e-2	0.000000e+0	0.000000e+0
8.226722e+3	5.000000e-1	5.539452e-1	2.300000e-2	0.000000e+0	0.000000e+0
8.264517e+3	5.000000e-1	6.438032e-1	2.300000e-2	0.000000e+0	0.000000e+0
8.291892e+3	5.000000e-1	3.605245e-1	2.300000e-2	0.000000e+0	0.000000e+0
8.329466e+3	5.000000e-1	3.873322e-1	2.300000e-2	0.000000e+0	0.000000e+0
8.358568e+3	5.000000e-1	2.057379e-1	2.300000e-2	0.000000e+0	0.000000e+0
8.401743e+3	5.000000e-1	1.762390e-1	2.300000e-2	0.000000e+0	0.000000e+0
8.411996e+3	5.000000e-1	1.276608e-1	2.300000e-2	0.000000e+0	0.000000e+0
8.428887e+3	5.000000e-1	3.176604e-3	2.300000e-2	0.000000e+0	0.000000e+0
8.442420e+3	5.000000e-1	4.564166e-3	2.300000e-2	0.000000e+0	0.000000e+0
8.464014e+3	5.000000e-1	1.651881e-2	2.300000e-2	0.000000e+0	0.000000e+0
8.496686e+3	5.000000e-1	1.740418e-1	2.300000e-2	0.000000e+0	0.000000e+0
8.520328e+3	5.000000e-1	2.247276e-3	2.300000e-2	0.000000e+0	0.000000e+0
8.532782e+3	5.000000e-1	4.287903e-1	2.300000e-2	0.000000e+0	0.000000e+0
8.558792e+3	5.000000e-1	3.535740e-2	2.300000e-2	0.000000e+0	0.000000e+0
8.565042e+3	5.000000e-1	8.017786e-3	2.300000e-2	0.000000e+0	0.000000e+0
8.594130e+3	5.000000e-1	6.433025e-2	2.300000e-2	0.000000e+0	0.000000e+0
8.614002e+3	5.000000e-1	9.896979e-2	2.300000e-2	0.000000e+0	0.000000e+0
8.639864e+3	5.000000e-1	3.359024e-1	2.300000e-2	0.000000e+0	0.000000e+0
8.657420e+3	5.000000e-1	7.305028e-2	2.300000e-2	0.000000e+0	0.000000e+0
8.682511e+3	5.000000e-1	4.803515e-3	2.300000e-2	0.000000e+0	0.000000e+0
8.711929e+3	5.000000e-1	1.080678e+0	2.300000e-2	0.000000e+0	0.000000e+0
8.733959e+3	5.000000e-1	5.482942e-2	2.300000e-2	0.000000e+0	0.000000e+0
8.748217e+3	5.000000e-1	4.917411e-3	2.300000e-2	0.000000e+0	0.000000e+0
8.772813e+3	5.000000e-1	2.213375e-1	2.300000e-2	0.000000e+0	0.000000e+0
8.785256e+3	5.000000e-1	4.106835e-3	2.300000e-2	0.000000e+0	0.000000e+0
8.798978e+3	5.000000e-1	3.761772e-3	2.300000e-2	0.000000e+0	0.000000e+0
8.823156e+3	5.000000e-1	5.761053e-2	2.300000e-2	0.000000e+0	0.000000e+0
8.846711e+3	5.000000e-1	3.400184e-1	2.300000e-2	0.000000e+0	0.000000e+0
8.857183e+3	5.000000e-1	1.470398e-1	2.300000e-2	0.000000e+0	0.000000e+0
8.890521e+3	5.000000e-1	3.123266e-1	2.300000e-2	0.000000e+0	0.000000e+0
8.896930e+3	5.000000e-1	6.229313e-3	2.300000e-2	0.000000e+0	0.000000e+0
8.926079e+3	5.000000e-1	1.815973e-2	2.300000e-2	0.000000e+0	0.000000e+0
8.947526e+3	5.000000e-1	1.691177e-1	2.300000e-2	0.000000e+0	0.000000e+0
8.964560e+3	5.000000e-1	3.850749e-1	2.300000e-2	0.000000e+0	0.000000e+0
8.979062e+3	5.000000e-1	2.270416e-3	2.300000e-2	0.000000e+0	0.000000e+0
9.008795e+3	5.000000e-1	6.292035e-3	2.300000e-2	0.000000e+0	0.000000e+0
9.020597e+3	5.000000e-1	1.499139e-1	2.300000e-2	0.000000e+0	0.000000e+0
9.037897e+3	5.000000e-1	5.253658e-2	2.300000e-2	0.000000e+0	0.000000e+0
9.058017e+3	5.000000e-1	4.000376e-1	2.645526e-2	0.000000e+0	0.000000e+0
9.093314e+3	5.000000e-1	7.553080e-2	2.300000e-2	0.000000e+0	0.000000e+0
9.124604e+3	5.000000e-1	1.358374e-3	2.300000e-2	0.000000e+0	0.000000e+0
9.143418e+3	5.000000e-1	1.641444e-1	2.300000e-2	0.000000e+0	0.000000e+0
9.166996e+3	5.000000e-1	7.925797e-1	2.300000e-2	0.000000e+0	0.000000e+0
9.175028e+3	5.000000e-1	1.152387e-2	2.300000e-2	0.000000e+0	0.000000e+0
9.199001e+3	5.000000e-1	9.917843e-3	2.300000e-2	0.000000e+0	0.000000e+0
9.217900e+3	5.000000e-1	2.626523e-1	2.300000e-2	0.000000e+0	0.000000e+0
9.229077e+3	5.000000e-1	2.165482e-4	2.300000e-2	0.000000e+0	0.000000e+0
9.241351e+3	5.000000e-1	2.899687e-2	2.300000e-2	0.000000e+0	0.000000e+0
9.287948e+3	5.000000e-1	6.123086e-3	2.300000e-2	0.000000e+0	0.000000e+0
9.306565e+3	5.000000e-1	2.759701e-2	2.300000e-2	0.000000e+0	0.000000e+0
9.325349e+3	5.000000e-1	1.647910e-3	2.300000e-2	0.000000e+0	0.000000e+0
9.329048e+3	5.000000e-1	2.292996e-2	2.300000e-2	0.000000e+0	0.000000e+0
9.345803e+3	5.000000e-1	3.212567e-3	2.300000e-2	6.336000e-4	0.000000e+0
9.362752e+3	5.000000e-1	1.554345e-1	2.300000e-2	0.000000e+0	6.730000e-5
9.383778e+3	5.000000e-1	1.529974e-1	2.300000e-2	0.000000e+0	0.000000e+0
9.417586e+3	5.000000e-1	6.248992e-2	2.300000e-2	0.000000e+0	0.000000e+0
9.422311e+3	5.000000e-1	3.247734e-1	2.300000e-2	0.000000e+0	0.000000e+0
9.442950e+3	5.000000e-1	9.565754e-3	2.300000e-2	0.000000e+0	0.000000e+0
9.457270e+3	5.000000e-1	1.060717e-3	2.300000e-2	0.000000e+0	0.000000e+0
9.467585e+3	5.000000e-1	1.528783e-1	2.300000e-2	0.000000e+0	0.000000e+0
9.470855e+3	5.000000e-1	8.173269e-1	2.300000e-2	0.000000e+0	0.000000e+0
9.530525e+3	5.000000e-1	2.279086e-1	2.300000e-2	0.000000e+0	0.000000e+0
9.543189e+3	5.000000e-1	9.689911e-3	2.300000e-2	0.000000e+0	0.000000e+0
9.576960e+3	5.000000e-1	1.240768e-1	2.300000e-2	0.000000e+0	0.000000e+0
9.588053e+3	5.000000e-1	6.591697e-2	2.300000e-2	0.000000e+0	0.000000e+0
9.596351e+3	5.000000e-1	1.619595e-1	2.300000e-2	0.000000e+0	0.000000e+0
9.629990e+3	5.000000e-1	3.901753e-1	2.300000e-2	0.000000e+0	0.000000e+0
9.634279e+3	5.000000e-1	1.278046e-1	2.300000e-2	0.000000e+0	0.000000e+0
9.650802e+3	5.000000e-1	1.568639e-1	2.300000e-2	0.000000e+0	0.000000e+0
9.664294e+3	5.000000e-1	1.409581e-2	2.300000e-2	0.000000e+0	0.000000e+0
9.683294e+3	5.000000e-1	6.711150e-2	2.300000e-2	0.000000e+0	0.000000e+0
9.699463e+3	5.000000e-1	5.826152e-3	2.300000e-2	0.000000e+0	0.000000e+0
9.702164e+3	5.000000e-1	5.791056e-2	2.300000e-2	0.000000e+0	0.000000e+0
9.726900e+3	5.000000e-1	4.499680e-1	2.300000e-2	0.000000e+0	0.000000e+0
9.743092e+3	5.000000e-1	1.768906e-1	2.300000e-2	0.000000e+0	0.000000e+0
9.802260e+3	5.000000e-1	5.578870e-2	2.300000e-2	0.000000e+0	0.000000e+0
9.816048e+3	5.000000e-1	3.497342e-3	2.300000e-2	0.000000e+0	0.000000e+0
9.833783e+3	5.000000e-1	4.745329e-2	2.300000e-2	0.000000e+0	0.000000e+0
9.851899e+3	5.000000e-1	1.801435e-2	2.300000e-2	0.000000e+0	0.000000e+0
9.868549e+3	5.000000e-1	7.343088e-1	2.300000e-2	0.000000e+0	0.000000e+0
9.905964e+3	5.000000e-1	1.873411e-2	2.300000e-2	0.000000e+0	0.000000e+0
9.923971e+3	5.000000e-1	1.139083e-3	2.300000e-2	0.000000e+0	0.000000e+0
9.934862e+3	5.000000e-1	8.613483e-2	2.300000e-2	0.000000e+0	0.000000e+0
9.957938e+3	5.000000e-1	1.859824e-1	2.300000e-2	0.000000e+0	0.000000e+0
9.985920e+3	5.000000e-1	1.257330e-1	2.300000e-2	0.000000e+0	0.000000e+0
1.005528e+4	5.000000e-1	6.483592e-2	2.300000e-2	0.000000e+0	0.000000e+0
1.006486e+4	5.000000e-1	5.694225e-1	2.300000e-2	0.000000e+0	0.000000e+0
1.008280e+4	5.000000e-1	2.558686e-1	2.300000e-2	0.000000e+0	0.000000e+0
1.010637e+4	5.000000e-1	4.475427e-1	2.300000e-2	0.000000e+0	0.000000e+0
1.014046e+4	5.000000e-1	1.543865e-1	2.300000e-2	0.000000e+0	0.000000e+0
1.014847e+4	5.000000e-1	2.464143e-3	2.300000e-2	0.000000e+0	0.000000e+0
1.016270e+4	5.000000e-1	4.198386e-1	2.300000e-2	0.000000e+0	0.000000e+0
1.017717e+4	5.000000e-1	1.371253e-3	2.300000e-2	0.000000e+0	0.000000e+0
1.019566e+4	5.000000e-1	1.987562e-1	2.300000e-2	0.000000e+0	0.000000e+0
1.023193e+4	5.000000e-1	6.866722e-3	2.300000e-2	0.000000e+0	0.000000e+0
1.024220e+4	5.000000e-1	2.151420e-1	2.300000e-2	0.000000e+0	0.000000e+0
1.025708e+4	5.000000e-1	2.062452e-4	2.300000e-2	0.000000e+0	0.000000e+0
1.028419e+4	5.000000e-1	1.016961e-1	4.046758e-2	0.000000e+0	0.000000e+0
1.028783e+4	5.000000e-1	2.130955e-1	2.670666e-2	0.000000e+0	0.000000e+0
1.030959e+4	5.000000e-1	7.883586e-1	2.300000e-2	0.000000e+0	0.000000e+0
1.033727e+4	5.000000e-1	1.512827e-2	2.300000e-2	0.000000e+0	0.000000e+0
1.034918e+4	5.000000e-1	7.573374e-1	2.411014e-2	0.000000e+0	0.000000e+0
1.035277e+4	5.000000e-1	1.279284e-4	2.300000e-2	0.000000e+0	0.000000e+0
1.037656e+4	5.000000e-1	2.206012e-1	2.580659e-2	0.000000e+0	0.000000e+0
1.037918e+4	5.000000e-1	2.031494e-3	2.300000e-2	0.000000e+0	0.000000e+0
1.040974e+4	5.000000e-1	2.200898e-1	2.782131e-2	0.000000e+0	0.000000e+0
1.043203e+4	5.000000e-1	1.900392e-3	2.300000e-2	0.000000e+0	0.000000e+0
1.049527e+4	5.000000e-1	8.891116e-1	1.984995e-2	0.000000e+0	0.000000e+0
1.050090e+4	5.000000e-1	1.807694e-3	2.300000e-2	0.000000e+0	0.000000e+0
1.054292e+4	5.000000e-1	8.995769e-2	2.300000e-2	0.000000e+0	0.000000e+0
1.055699e+4	5.000000e-1	3.413809e-4	2.300000e-2	0.000000e+0	0.000000e+0
1.058613e+4	5.000000e-1	1.183748e-1	2.595610e-2	0.000000e+0	0.000000e+0
1.060906e+4	5.000000e-1	6.852178e-2	2.462794e-2	0.000000e+0	0.000000e+0
1.064129e+4	5.000000e-1	1.942766e-1	2.497879e-2	0.000000e+0	0.000000e+0
1.064891e+4	5.000000e-1	6.016378e-1	2.300000e-2	0.000000e+0	0.000000e+0
1.067152e+4	5.000000e-1	1.231254e-1	2.186815e-2	0.000000e+0	0.000000e+0
1.071053e+4	5.000000e-1	3.347309e-1	2.397701e-2	0.000000e+0	0.000000e+0
1.072049e+4	5.000000e-1	3.553792e-3	2.300000e-2	0.000000e+0	0.000000e+0
1.072790e+4	5.000000e-1	1.058801e-1	2.382577e-2	0.000000e+0	0.000000e+0
1.073124e+4	5.000000e-1	1.783355e-3	2.300000e-2	0.000000e+0	0.000000e+0
1.076403e+4	5.000000e-1	7.366707e-2	3.847507e-2	0.000000e+0	0.000000e+0
1.078349e+4	5.000000e-1	3.686901e-1	2.633419e-2	0.000000e+0	0.000000e+0
1.082357e+4	5.000000e-1	3.859057e-1	2.586617e-2	0.000000e+0	0.000000e+0
1.084069e+4	5.000000e-1	2.722094e-1	3.235168e-2	0.000000e+0	0.000000e+0
1.088251e+4	5.000000e-1	1.445202e+0	2.302240e-2	0.000000e+0	0.000000e+0
1.092209e+4	5.000000e-1	3.949003e-1	2.495205e-2	0.000000e+0	0.000000e+0
1.094540e+4	5.000000e-1	5.768224e-4	2.300000e-2	0.000000e+0	0.000000e+0
1.095859e+4	5.000000e-1	6.979982e-2	2.300000e-2	0.000000e+0	0.000000e+0
1.100524e+4	5.000000e-1	4.975012e-4	2.300000e-2	0.000000e+0	0.000000e+0
1.102368e+4	5.000000e-1	3.295616e-1	3.161475e-2	0.000000e+0	0.000000e+0
1.103785e+4	5.000000e-1	5.032384e-2	2.300000e-2	0.000000e+0	0.000000e+0
1.105735e+4	5.000000e-1	4.134096e-4	2.300000e-2	0.000000e+0	0.000000e+0
1.106664e+4	5.000000e-1	1.629973e-3	2.300000e-2	0.000000e+0	0.000000e+0
1.107268e+4	5.000000e-1	1.277965e-1	2.300000e-2	0.000000e+0	0.000000e+0
1.108618e+4	5.000000e-1	3.095721e-1	1.483806e-2	0.000000e+0	0.000000e+0
1.115403e+4	5.000000e-1	5.171589e-1	2.051637e-2	0.000000e+0	0.000000e+0
1.117279e+4	5.000000e-1	1.707922e-1	3.504930e-2	0.000000e+0	0.000000e+0
1.122902e+4	5.000000e-1	3.070597e-1	3.044300e-2	0.000000e+0	0.000000e+0
1.124437e+4	5.000000e-1	1.047774e-1	2.300000e-2	0.000000e+0	0.000000e+0
1.126251e+4	5.000000e-1	2.381973e-1	2.707532e-2	0.000000e+0	0.000000e+0
1.130140e+4	5.000000e-1	5.446289e-3	2.300000e-2	0.000000e+0	0.000000e+0
1.131795e+4	5.000000e-1	3.386798e-1	3.545256e-2	0.000000e+0	0.000000e+0
1.134075e+4	5.000000e-1	1.757082e-1	2.626840e-2	0.000000e+0	0.000000e+0
1.135132e+4	5.000000e-1	1.372740e-3	2.300000e-2	0.000000e+0	0.000000e+0
1.135721e+4	5.000000e-1	8.001847e-4	2.300000e-2	0.000000e+0	0.000000e+0
1.137611e+4	5.000000e-1	1.176321e-1	1.699131e-2	0.000000e+0	0.000000e+0
1.140049e+4	5.000000e-1	8.865333e-1	2.300000e-2	5.400000e-4	0.000000e+0
1.142448e+4	5.000000e-1	8.897389e-2	2.300000e-2	0.000000e+0	0.000000e+0
1.144543e+4	5.000000e-1	1.638634e-1	2.300000e-2	0.000000e+0	5.400000e-4
1.145747e+4	5.000000e-1	5.511879e-2	2.300000e-2	0.000000e+0	0.000000e+0
1.149526e+4	5.000000e-1	3.687548e-4	2.300000e-2	0.000000e+0	0.000000e+0
1.150976e+4	5.000000e-1	2.012118e-1	2.300000e-2	0.000000e+0	0.000000e+0
1.153963e+4	5.000000e-1	4.841319e-1	2.132526e-2	0.000000e+0	0.000000e+0
1.154614e+4	5.000000e-1	8.489138e-2	2.300000e-2	0.000000e+0	0.000000e+0
1.156299e+4	5.000000e-1	4.144824e-1	2.429560e-2	0.000000e+0	0.000000e+0
1.156565e+4	5.000000e-1	1.884352e-3	2.300000e-2	0.000000e+0	0.000000e+0
1.157808e+4	5.000000e-1	3.305076e-1	2.490188e-2	0.000000e+0	0.000000e+0
1.158519e+4	5.000000e-1	1.231364e-3	2.300000e-2	0.000000e+0	0.000000e+0
1.161346e+4	5.000000e-1	2.984494e-2	2.493428e-2	0.000000e+0	0.000000e+0
1.165545e+4	5.000000e-1	4.661283e-1	2.855632e-2	0.000000e+0	0.000000e+0
1.165906e+4	5.000000e-1	1.513876e-1	1.817244e-2	0.000000e+0	0.000000e+0
1.169117e+4	5.000000e-1	4.090721e-1	2.445469e-2	0.000000e+0	0.000000e+0
1.171130e+4	5.000000e-1	4.184769e-1	2.365347e-2	0.000000e+0	0.000000e+0
1.172993e+4	5.000000e-1	2.484330e-1	2.596877e-2	0.000000e+0	0.000000e+0
1.176281e+4	5.000000e-1	7.518928e-2	2.608537e-2	0.000000e+0	0.000000e+0
1.180851e+4	5.000000e-1	2.056687e-1	2.300000e-2	0.000000e+0	0.000000e+0
1.182222e+4	5.000000e-1	1.507543e-3	2.300000e-2	0.000000e+0	0.000000e+0
1.185940e+4	5.000000e-1	4.538138e-1	2.300000e-2	0.000000e+0	0.000000e+0
1.186800e+4	5.000000e-1	2.679574e-3	2.300000e-2	0.000000e+0	0.000000e+0
1.189321e+4	5.000000e-1	3.006632e-2	2.848221e-2	0.000000e+0	0.000000e+0
1.192171e+4	5.000000e-1	1.451898e-1	2.200000e-2	0.000000e+0	0.000000e+0
1.195693e+4	5.000000e-1	1.333478e-2	2.421084e-2	0.000000e+0	0.000000e+0
1.195809e+4	5.000000e-1	8.355075e-1	2.300000e-2	0.000000e+0	0.000000e+0
1.197196e+4	5.000000e-1	2.171834e-1	2.425645e-2	0.000000e+0	0.000000e+0
1.198443e+4	5.000000e-1	3.674336e-1	1.981558e-2	0.000000e+0	0.000000e+0
1.200075e+4	5.000000e-1	9.881589e-4	2.300000e-2	0.000000e+0	0.000000e+0
1.203779e+4	5.000000e-1	3.411345e-1	2.300000e-2	0.000000e+0	0.000000e+0
1.206113e+4	5.000000e-1	1.474293e-1	3.858359e-2	0.000000e+0	0.000000e+0
1.208443e+4	5.000000e-1	1.570649e-1	1.500382e-2	0.000000e+0	0.000000e+0
1.210893e+4	5.000000e-1	2.761743e-3	2.300000e-2	0.000000e+0	0.000000e+0
1.212423e+4	5.000000e-1	2.125103e-3	2.300000e-2	0.000000e+0	0.000000e+0
1.213334e+4	5.000000e-1	6.552513e-1	2.911303e-2	0.000000e+0	0.000000e+0
1.213732e+4	5.000000e-1	8.386814e-1	1.539314e-2	0.000000e+0	0.000000e+0
1.216057e+4	5.000000e-1	4.485098e-2	2.015506e-2	0.000000e+0	0.000000e+0
1.220376e+4	5.000000e-1	1.260535e+0	2.659879e-2	0.000000e+0	0.000000e+0
1.224799e+4	5.000000e-1	3.096441e-1	2.300000e-2	0.000000e+0	0.000000e+0
1.226694e+4	5.000000e-1	1.599868e-1	2.300000e-2	0.000000e+0	0.000000e+0
1.227932e+4	5.000000e-1	1.004421e+0	2.747065e-2	0.000000e+0	0.000000e+0
1.232771e+4	5.000000e-1	4.665807e-1	2.300000e-2	0.000000e+0	0.000000e+0
1.233315e+4	5.000000e-1	2.916618e-2	1.712679e-2	0.000000e+0	0.000000e+0
1.237424e+4	5.000000e-1	8.012062e-2	2.998350e-2	0.000000e+0	0.000000e+0
1.241233e+4	5.000000e-1	6.205588e-2	4.084764e-2	0.000000e+0	0.000000e+0
1.245525e+4	5.000000e-1	4.949757e-2	2.111273e-2	0.000000e+0	0.000000e+0
1.249501e+4	5.000000e-1	2.931096e-1	2.300000e-2	0.000000e+0	0.000000e+0
1.252009e+4	5.000000e-1	4.298451e-2	2.300000e-2	0.000000e+0	0.000000e+0
1.252623e+4	5.000000e-1	4.062462e-1	2.691286e-2	0.000000e+0	0.000000e+0
1.256353e+4	5.000000e-1	1.185021e-1	4.415340e-2	0.000000e+0	0.000000e+0
1.257244e+4	5.000000e-1	7.101696e-1	2.300000e-2	0.000000e+0	0.000000e+0
1.264403e+4	5.000000e-1	1.198248e+0	3.540277e-2	0.000000e+0	0.000000e+0
1.265772e+4	5.000000e-1	1.880342e-1	2.300000e-2	0.000000e+0	0.000000e+0
1.267194e+4	5.000000e-1	1.110215e-3	2.300000e-2	0.000000e+0	0.000000e+0
1.270219e+4	5.000000e-1	1.064850e+0	1.789287e-2	0.000000e+0	0.000000e+0
1.272084e+4	5.000000e-1	6.964959e-1	2.580061e-2	0.000000e+0	0.000000e+0
1.276046e+4	5.000000e-1	1.601549e-1	2.300000e-2	0.000000e+0	0.000000e+0
1.278792e+4	5.000000e-1	9.125225e-1	2.300000e-2	0.000000e+0	0.000000e+0
1.280370e+4	5.000000e-1	5.908836e-3	2.300000e-2	0.000000e+0	0.000000e+0
1.283279e+4	5.000000e-1	6.206171e-1	2.675325e-2	0.000000e+0	0.000000e+0
1.284082e+4	5.000000e-1	8.598549e-1	2.300000e-2	0.000000e+0	0.000000e+0
1.288774e+4	5.000000e-1	1.332360e-1	2.301548e-2	0.000000e+0	0.000000e+0
1.289863e+4	5.000000e-1	4.254340e-1	2.300000e-2	0.000000e+0	0.000000e+0
1.291288e+4	5.000000e-1	1.008645e+0	2.300000e-2	0.000000e+0	0.000000e+0
1.293447e+4	5.000000e-1	8.838395e-2	3.613549e-2	0.000000e+0	0.000000e+0
1.295625e+4	5.000000e-1	8.102833e-2	3.743492e-2	0.000000e+0	0.000000e+0
1.297200e+4	5.000000e-1	3.421034e-3	2.300000e-2	0.000000e+0	0.000000e+0
1.298363e+4	5.000000e-1	4.281372e-2	2.300000e-2	0.000000e+0	0.000000e+0
1.301537e+4	5.000000e-1	7.475623e-3	2.300000e-2	0.000000e+0	0.000000e+0
1.304335e+4	5.000000e-1	1.165418e-1	2.300000e-2	0.000000e+0	0.000000e+0
1.305226e+4	5.000000e-1	1.209481e+0	2.300000e-2	0.000000e+0	0.000000e+0
1.305424e+4	5.000000e-1	5.444715e-3	2.300000e-2	0.000000e+0	0.000000e+0
1.307202e+4	5.000000e-1	1.073319e-1	2.300000e-2	0.000000e+0	0.000000e+0
1.308675e+4	5.000000e-1	1.316279e-1	2.300000e-2	0.000000e+0	0.000000e+0
1.310217e+4	5.000000e-1	4.150894e-2	2.300000e-2	0.000000e+0	0.000000e+0
1.315497e+4	5.000000e-1	1.429292e-1	2.678524e-2	0.000000e+0	0.000000e+0
1.317248e+4	5.000000e-1	1.522054e-1	2.300000e-2	0.000000e+0	0.000000e+0
1.320230e+4	5.000000e-1	2.908299e-1	2.300000e-2	0.000000e+0	0.000000e+0
1.322825e+4	5.000000e-1	5.094660e-1	1.865436e-2	0.000000e+0	0.000000e+0
1.325067e+4	5.000000e-1	1.408853e+0	2.300000e-2	0.000000e+0	0.000000e+0
1.326371e+4	5.000000e-1	2.089554e-1	2.300000e-2	0.000000e+0	0.000000e+0
1.328526e+4	5.000000e-1	9.444347e-2	2.300000e-2	0.000000e+0	0.000000e+0
1.332258e+4	5.000000e-1	5.839384e-1	2.300000e-2	0.000000e+0	0.000000e+0
1.336554e+4	5.000000e-1	5.952263e-1	2.300000e-2	0.000000e+0	0.000000e+0
1.341483e+4	5.000000e-1	2.009239e-1	2.300000e-2	0.000000e+0	0.000000e+0
1.343621e+4	5.000000e-1	3.697910e-1	2.300000e-2	0.000000e+0	0.000000e+0
1.345326e+4	5.000000e-1	2.725567e-3	2.300000e-2	0.000000e+0	0.000000e+0
1.349634e+4	5.000000e-1	7.753154e-3	2.300000e-2	0.000000e+0	0.000000e+0
1.350056e+4	5.000000e-1	2.161071e-1	2.300000e-2	0.000000e+0	0.000000e+0
1.350987e+4	5.000000e-1	1.687150e-2	2.300000e-2	0.000000e+0	0.000000e+0
1.351473e+4	5.000000e-1	2.389157e-1	2.300000e-2	0.000000e+0	0.000000e+0
1.354173e+4	5.000000e-1	2.270298e-1	2.300000e-2	0.000000e+0	0.000000e+0
1.356047e+4	5.000000e-1	4.810357e-1	2.300000e-2	0.000000e+0	0.000000e+0
1.361111e+4	5.000000e-1	2.368517e-1	2.300000e-2	0.000000e+0	0.000000e+0
1.362328e+4	5.000000e-1	2.894066e-2	2.300000e-2	0.000000e+0	0.000000e+0
1.363983e+4	5.000000e-1	3.965309e-1	2.300000e-2	0.000000e+0	0.000000e+0
1.364486e+4	5.000000e-1	2.582548e-1	2.300000e-2	0.000000e+0	0.000000e+0
1.366195e+4	5.000000e-1	4.393789e-3	2.300000e-2	0.000000e+0	0.000000e+0
1.366460e+4	5.000000e-1	1.016480e-1	2.300000e-2	0.000000e+0	0.000000e+0
1.368544e+4	5.000000e-1	3.127072e-1	2.300000e-2	0.000000e+0	0.000000e+0
1.371998e+4	5.000000e-1	4.021663e-1	2.300000e-2	0.000000e+0	0.000000e+0
1.374680e+4	5.000000e-1	1.476202e-3	2.300000e-2	0.000000e+0	0.000000e+0
1.379582e+4	5.000000e-1	5.993549e-1	2.300000e-2	0.000000e+0	0.000000e+0
1.380441e+4	5.000000e-1	6.127258e-1	2.300000e-2	0.000000e+0	0.000000e+0
1.381411e+4	5.000000e-1	2.651387e-1	2.300000e-2	0.000000e+0	0.000000e+0
1.382866e+4	5.000000e-1	9.419000e-4	2.300000e-2	0.000000e+0	0.000000e+0
1.383841e+4	5.000000e-1	2.292346e-1	2.300000e-2	0.000000e+0	0.000000e+0
1.386758e+4	5.000000e-1	7.082984e-2	2.300000e-2	0.000000e+0	0.000000e+0
1.388565e+4	5.000000e-1	2.398339e-2	2.300000e-2	0.000000e+0	0.000000e+0
1.390334e+4	5.000000e-1	4.315740e-1	2.300000e-2	0.000000e+0	0.000000e+0
1.392118e+4	5.000000e-1	5.085970e-4	2.300000e-2	0.000000e+0	0.000000e+0
1.396534e+4	5.000000e-1	2.941282e-1	2.300000e-2	0.000000e+0	0.000000e+0
1.398254e+4	5.000000e-1	3.500144e-1	2.300000e-2	0.000000e+0	0.000000e+0
1.399509e+4	5.000000e-1	2.502318e-3	2.300000e-2	0.000000e+0	0.000000e+0
1.400166e+4	5.000000e-1	1.786647e-1	2.141564e-2	0.000000e+0	0.000000e+0
1.400929e+4	5.000000e-1	1.219884e-3	2.300000e-2	0.000000e+0	0.000000e+0
1.403522e+4	5.000000e-1	1.548293e-1	2.300000e-2	0.000000e+0	0.000000e+0
1.405664e+4	5.000000e-1	7.995031e-1	2.408832e-2	0.000000e+0	0.000000e+0
1.409095e+4	5.000000e-1	2.140643e-1	2.486102e-2	0.000000e+0	0.000000e+0
1.409488e+4	5.000000e-1	4.094248e-1	1.966401e-2	0.000000e+0	0.000000e+0
1.412674e+4	5.000000e-1	3.962350e-1	2.400078e-2	0.000000e+0	0.000000e+0
1.416357e+4	5.000000e-1	1.044274e-1	2.300000e-2	0.000000e+0	0.000000e+0
1.418413e+4	5.000000e-1	3.439019e-1	2.300000e-2	0.000000e+0	0.000000e+0
1.421766e+4	5.000000e-1	5.762025e-1	2.300000e-2	0.000000e+0	0.000000e+0
1.423059e+4	5.000000e-1	4.105318e-3	2.300000e-2	0.000000e+0	0.000000e+0
1.423585e+4	5.000000e-1	4.307921e-1	2.135667e-2	0.000000e+0	0.000000e+0
1.427142e+4	5.000000e-1	2.645754e-2	2.183760e-2	0.000000e+0	0.000000e+0
1.428827e+4	5.000000e-1	4.697696e-1	2.300000e-2	0.000000e+0	0.000000e+0
1.430907e+4	5.000000e-1	1.236511e-1	2.300000e-2	0.000000e+0	0.000000e+0
1.434000e+4	5.000000e-1	3.430269e-2	2.300000e-2	0.000000e+0	0.000000e+0
1.434247e+4	5.000000e-1	7.464650e-3	2.300000e-2	0.000000e+0	0.000000e+0
1.436905e+4	5.000000e-1	1.239123e-2	2.300000e-2	0.000000e+0	0.000000e+0
1.439432e+4	5.000000e-1	2.211864e-2	2.300000e-2	0.000000e+0	0.000000e+0
1.441607e+4	5.000000e-1	9.723088e-1	2.857725e-2	0.000000e+0	0.000000e+0
1.443572e+4	5.000000e-1	1.879969e-1	2.104622e-2	1.600000e-4	0.000000e+0
1.444672e+4	5.000000e-1	7.789470e-3	2.300000e-2	0.000000e+0	1.600000e-4
1.449456e+4	5.000000e-1	2.297107e-1	2.300000e-2	0.000000e+0	0.000000e+0
1.450337e+4	5.000000e-1	1.792498e-2	2.300000e-2	0.000000e+0	0.000000e+0
1.450576e+4	5.000000e-1	7.686814e-2	2.300000e-2	0.000000e+0	0.000000e+0
1.453263e+4	5.000000e-1	6.713292e-1	2.125479e-2	0.000000e+0	0.000000e+0
1.455500e+4	5.000000e-1	4.333103e-3	2.300000e-2	0.000000e+0	0.000000e+0
1.459894e+4	5.000000e-1	6.004554e-2	2.978323e-2	0.000000e+0	0.000000e+0
1.461323e+4	5.000000e-1	4.811382e-2	2.183360e-2	0.000000e+0	0.000000e+0
1.463851e+4	5.000000e-1	5.379796e-1	2.403639e-2	0.000000e+0	0.000000e+0
1.469552e+4	5.000000e-1	1.448511e+0	2.102629e-2	0.000000e+0	0.000000e+0
1.471016e+4	5.000000e-1	3.472294e-1	2.300000e-2	0.000000e+0	0.000000e+0
1.473307e+4	5.000000e-1	4.846813e-3	2.300000e-2	0.000000e+0	0.000000e+0
1.478550e+4	5.000000e-1	3.757411e-1	2.522650e-2	0.000000e+0	0.000000e+0
1.479266e+4	5.000000e-1	5.237081e-3	2.300000e-2	0.000000e+0	0.000000e+0
1.479964e+4	5.000000e-1	3.026823e-2	2.122121e-2	0.000000e+0	0.000000e+0
1.481554e+4	5.000000e-1	3.717832e-3	2.300000e-2	0.000000e+0	0.000000e+0
1.481891e+4	5.000000e-1	8.875619e-1	2.422920e-2	0.000000e+0	0.000000e+0
1.482830e+4	5.000000e-1	2.765333e+0	2.300000e-2	0.000000e+0	0.000000e+0
1.486722e+4	5.000000e-1	2.712240e-1	2.714126e-2	0.000000e+0	0.000000e+0
1.490974e+4	5.000000e-1	5.082260e-2	2.451860e-2	0.000000e+0	0.000000e+0
1.495490e+4	5.000000e-1	2.626554e-1	1.911354e-2	0.000000e+0	0.000000e+0
1.498251e+4	5.000000e-1	1.469735e-1	2.300000e-2	0.000000e+0	0.000000e+0
1.499809e+4	5.000000e-1	5.461999e-1	2.434517e-2	0.000000e+0	0.000000e+0
1.502730e+4	5.000000e-1	1.002964e-1	2.300000e-2	0.000000e+0	0.000000e+0
1.504734e+4	5.000000e-1	9.238138e-1	2.426025e-2	0.000000e+0	0.000000e+0
1.506122e+4	5.000000e-1	2.144914e-1	2.300000e-2	0.000000e+0	0.000000e+0
1.508767e+4	5.000000e-1	3.647250e-1	2.300000e-2	0.000000e+0	0.000000e+0
1.512128e+4	5.000000e-1	5.916196e-1	2.300000e-2	0.000000e+0	0.000000e+0
1.513266e+4	5.000000e-1	1.681709e-1	2.300000e-2	0.000000e+0	0.000000e+0
1.517856e+4	5.000000e-1	1.497852e-3	2.300000e-2	0.000000e+0	0.000000e+0
1.519435e+4	5.000000e-1	2.514425e-1	2.300000e-2	5.280000e-4	0.000000e+0
1.520842e+4	5.000000e-1	7.671023e-1	2.300000e-2	5.280000e-4	0.000000e+0
1.522508e+4	5.000000e-1	3.342988e-3	2.300000e-2	0.000000e+0	0.000000e+0
1.523400e+4	5.000000e-1	3.263756e-2	2.300000e-2	0.000000e+0	0.000000e+0
1.524514e+4	5.000000e-1	1.394972e-1	2.300000e-2	0.000000e+0	0.000000e+0
1.525393e+4	5.000000e-1	3.991624e-1	2.300000e-2	0.000000e+0	0.000000e+0
1.527061e+4	5.000000e-1	6.268419e-1	2.300000e-2	0.000000e+0	0.000000e+0
1.530964e+4	5.000000e-1	2.111733e-1	1.800000e-2	0.000000e+0	0.000000e+0
1.539684e+4	5.000000e-1	2.141589e-1	2.300000e-2	0.000000e+0	0.000000e+0
1.540199e+4	5.000000e-1	9.011181e-1	2.300000e-2	0.000000e+0	0.000000e+0
1.542011e+4	5.000000e-1	4.356870e-1	2.800000e-2	0.000000e+0	0.000000e+0
1.542906e+4	5.000000e-1	1.555472e-1	2.300000e-2	0.000000e+0	0.000000e+0
1.544735e+4	5.000000e-1	3.388785e-2	2.300000e-2	0.000000e+0	0.000000e+0
1.547149e+4	5.000000e-1	5.110502e-2	2.300000e-2	0.000000e+0	0.000000e+0
1.548887e+4	5.000000e-1	1.040123e+0	2.300000e-2	2.000000e-4	0.000000e+0
1.551475e+4	5.000000e-1	1.655247e-2	2.300000e-2	5.220000e-4	0.000000e+0
1.559545e+4	5.000000e-1	1.135565e+0	2.300000e-2	0.000000e+0	2.000000e-4
1.561243e+4	5.000000e-1	4.583119e-1	2.300000e-2	0.000000e+0	0.000000e+0
1.564502e+4	5.000000e-1	2.587541e-1	2.300000e-2	0.000000e+0	0.000000e+0
1.566894e+4	5.000000e-1	9.149467e-2	2.300000e-2	0.000000e+0	0.000000e+0
1.569269e+4	5.000000e-1	1.671198e-2	2.300000e-2	0.000000e+0	0.000000e+0
1.574490e+4	5.000000e-1	2.935122e-1	2.300000e-2	0.000000e+0	0.000000e+0
1.575988e+4	5.000000e-1	2.115633e-1	2.300000e-2	0.000000e+0	0.000000e+0
1.577807e+4	5.000000e-1	3.252977e-1	1.800000e-2	0.000000e+0	0.000000e+0
1.580216e+4	5.000000e-1	5.548835e-2	2.300000e-2	0.000000e+0	0.000000e+0
1.581862e+4	5.000000e-1	1.591426e-2	2.300000e-2	0.000000e+0	0.000000e+0
1.584451e+4	5.000000e-1	1.156814e-1	2.300000e-2	0.000000e+0	0.000000e+0
1.586641e+4	5.000000e-1	8.966715e-1	2.300000e-2	0.000000e+0	0.000000e+0
1.592954e+4	5.000000e-1	3.688648e-1	2.300000e-2	0.000000e+0	0.000000e+0
1.594228e+4	5.000000e-1	2.174774e-1	2.300000e-2	0.000000e+0	0.000000e+0
1.595394e+4	5.000000e-1	1.244143e-2	2.300000e-2	0.000000e+0	0.000000e+0
1.598349e+4	5.000000e-1	1.667990e+0	2.300000e-2	0.000000e+0	0.000000e+0
1.600188e+4	5.000000e-1	6.986789e-1	2.300000e-2	0.000000e+0	0.000000e+0
1.602211e+4	5.000000e-1	3.974762e-2	2.300000e-2	0.000000e+0	0.000000e+0
1.604760e+4	5.000000e-1	1.311407e-1	2.300000e-2	0.000000e+0	0.000000e+0
1.608630e+4	5.000000e-1	4.500000e-1	2.300000e-2	0.000000e+0	0.000000e+0
1.612978e+4	5.000000e-1	1.384916e-3	2.300000e-2	0.000000e+0	0.000000e+0
1.615415e+4	5.000000e-1	5.724742e-1	2.900000e-2	0.000000e+0	0.000000e+0
1.619655e+4	5.000000e-1	2.634611e-1	3.300000e-2	0.000000e+0	0.000000e+0
1.620747e+4	5.000000e-1	9.548390e-2	2.300000e-2	0.000000e+0	0.000000e+0
1.626030e+4	5.000000e-1	2.236575e-1	2.300000e-2	0.000000e+0	0.000000e+0
1.627492e+4	5.000000e-1	2.161984e-3	2.300000e-2	0.000000e+0	0.000000e+0
1.629846e+4	5.000000e-1	2.346207e-2	1.800000e-2	0.000000e+0	0.000000e+0
1.631036e+4	5.000000e-1	6.576278e-3	2.300000e-2	0.000000e+0	0.000000e+0
1.631431e+4	5.000000e-1	1.554944e+0	2.000000e-2	0.000000e+0	0.000000e+0
1.633472e+4	5.000000e-1	5.077231e-2	2.700000e-2	0.000000e+0	0.000000e+0
1.635225e+4	5.000000e-1	9.796607e-2	2.300000e-2	0.000000e+0	0.000000e+0
1.638733e+4	5.000000e-1	8.376146e-1	2.300000e-2	0.000000e+0	0.000000e+0
1.639740e+4	5.000000e-1	1.149266e-2	2.300000e-2	0.000000e+0	0.000000e+0
1.641308e+4	5.000000e-1	1.361187e-2	2.600000e-2	0.000000e+0	0.000000e+0
1.644442e+4	5.000000e-1	7.082973e-2	3.000000e-2	0.000000e+0	0.000000e+0
1.648444e+4	5.000000e-1	3.819630e-1	2.300000e-2	0.000000e+0	0.000000e+0
1.650916e+4	5.000000e-1	8.711161e-2	2.300000e-2	0.000000e+0	0.000000e+0
1.653345e+4	5.000000e-1	7.356568e-2	2.300000e-2	0.000000e+0	0.000000e+0
1.654321e+4	5.000000e-1	5.042098e-1	2.300000e-2	0.000000e+0	0.000000e+0
1.658286e+4	5.000000e-1	7.279127e-1	2.300000e-2	0.000000e+0	0.000000e+0
1.659910e+4	5.000000e-1	8.092208e-3	2.300000e-2	0.000000e+0	0.000000e+0
1.660544e+4	5.000000e-1	1.975024e-1	2.300000e-2	0.000000e+0	0.000000e+0
1.662619e+4	5.000000e-1	8.743148e-1	2.300000e-2	0.000000e+0	0.000000e+0
1.666035e+4	5.000000e-1	4.012187e-1	2.300000e-2	0.000000e+0	0.000000e+0
1.667956e+4	5.000000e-1	2.018203e-1	2.300000e-2	0.000000e+0	0.000000e+0
1.668909e+4	5.000000e-1	1.772576e-2	1.000000e-2	0.000000e+0	0.000000e+0
1.674889e+4	5.000000e-1	1.557819e-1	2.300000e-2	0.000000e+0	0.000000e+0
1.676109e+4	5.000000e-1	1.562167e-1	2.300000e-2	0.000000e+0	0.000000e+0
1.677505e+4	5.000000e-1	1.680174e-1	2.800000e-2	0.000000e+0	0.000000e+0
1.678253e+4	5.000000e-1	3.722257e-1	1.900000e-2	0.000000e+0	0.000000e+0
1.681669e+4	5.000000e-1	2.726879e-3	2.300000e-2	0.000000e+0	0.000000e+0
1.682696e+4	5.000000e-1	9.619499e-2	2.300000e-2	0.000000e+0	0.000000e+0
1.685219e+4	5.000000e-1	4.143470e-1	2.300000e-2	0.000000e+0	0.000000e+0
1.686138e+4	5.000000e-1	4.232594e-3	2.300000e-2	0.000000e+0	0.000000e+0
1.687864e+4	5.000000e-1	7.695912e-2	2.300000e-2	0.000000e+0	0.000000e+0
1.691117e+4	5.000000e-1	1.116091e-1	2.300000e-2	0.000000e+0	0.000000e+0
1.691575e+4	5.000000e-1	3.450092e-2	2.300000e-2	0.000000e+0	0.000000e+0
1.692675e+4	5.000000e-1	4.171256e-1	2.300000e-2	0.000000e+0	0.000000e+0
1.695009e+4	5.000000e-1	8.721982e-1	2.300000e-2	0.000000e+0	0.000000e+0
1.696685e+4	5.000000e-1	3.809421e-1	2.700000e-2	0.000000e+0	0.000000e+0
1.698858e+4	5.000000e-1	4.606208e-1	2.300000e-2	0.000000e+0	0.000000e+0
1.699305e+4	5.000000e-1	1.613178e-3	2.300000e-2	0.000000e+0	0.000000e+0
1.701740e+4	5.000000e-1	1.566818e+0	2.178573e-2	0.000000e+0	0.000000e+0
1.703344e+4	5.000000e-1	1.160077e+0	2.137306e-2	0.000000e+0	0.000000e+0
1.704213e+4	5.000000e-1	2.004862e-1	2.133746e-2	0.000000e+0	0.000000e+0
1.709089e+4	5.000000e-1	4.055948e-3	2.300000e-2	0.000000e+0	0.000000e+0
1.710019e+4	5.000000e-1	2.288019e-1	2.441640e-2	0.000000e+0	0.000000e+0
1.714552e+4	5.000000e-1	1.191145e-1	2.183052e-2	0.000000e+0	0.000000e+0
1.715881e+4	5.000000e-1	8.377124e-4	2.300000e-2	0.000000e+0	0.000000e+0
1.717379e+4	5.000000e-1	8.723750e-2	2.476811e-2	0.000000e+0	0.000000e+0
1.721214e+4	5.000000e-1	3.746355e-1	2.300000e-2	0.000000e+0	0.000000e+0
1.724222e+4	5.000000e-1	3.201898e+0	2.300000e-2	0.000000e+0	0.000000e+0
1.728033e+4	5.000000e-1	2.438484e-1	3.147662e-2	0.000000e+0	0.000000e+0
1.734571e+4	5.000000e-1	8.246542e-2	1.948484e-2	0.000000e+0	0.000000e+0
1.735242e+4	5.000000e-1	3.485815e-3	2.300000e-2	0.000000e+0	0.000000e+0
1.736615e+4	5.000000e-1	3.382364e-1	1.872847e-2	0.000000e+0	0.000000e+0
1.742012e+4	5.000000e-1	5.382649e-1	2.175344e-2	0.000000e+0	0.000000e+0
1.742557e+4	5.000000e-1	1.816965e-1	1.842866e-2	0.000000e+0	0.000000e+0
1.745308e+4	5.000000e-1	1.198678e+0	3.025614e-2	0.000000e+0	0.000000e+0
1.745629e+4	5.000000e-1	6.849445e-1	2.059261e-2	0.000000e+0	0.000000e+0
1.747705e+4	5.000000e-1	1.303790e-3	2.300000e-2	0.000000e+0	0.000000e+0
1.749926e+4	5.000000e-1	1.045212e-1	1.982594e-2	0.000000e+0	0.000000e+0
1.752450e+4	5.000000e-1	3.483273e-1	2.300000e-2	0.000000e+0	0.000000e+0
1.753081e+4	5.000000e-1	7.900502e-1	2.300000e-2	0.000000e+0	0.000000e+0
1.755105e+4	5.000000e-1	2.354871e-1	2.300000e-2	0.000000e+0	0.000000e+0
1.756847e+4	5.000000e-1	9.574910e-2	2.300000e-2	0.000000e+0	0.000000e+0
1.758719e+4	5.000000e-1	1.009857e+0	1.800000e-2	0.000000e+0	0.000000e+0
1.761249e+4	5.000000e-1	1.280100e+0	2.300000e-2	0.000000e+0	0.000000e+0
1.763791e+4	5.000000e-1	6.012740e-3	2.300000e-2	0.000000e+0	0.000000e+0
1.765307e+4	5.000000e-1	6.872944e-2	2.300000e-2	0.000000e+0	0.000000e+0
1.767861e+4	5.000000e-1	8.589860e-2	2.300000e-2	0.000000e+0	0.000000e+0
1.772980e+4	5.000000e-1	3.873233e-1	2.300000e-2	0.000000e+0	0.000000e+0
1.775338e+4	5.000000e-1	7.826873e-4	2.300000e-2	0.000000e+0	0.000000e+0
1.776814e+4	5.000000e-1	2.749337e-1	4.500000e-2	0.000000e+0	0.000000e+0
1.777977e+4	5.000000e-1	1.591435e+0	1.700000e-2	0.000000e+0	0.000000e+0
1.778546e+4	5.000000e-1	3.292855e-3	2.300000e-2	0.000000e+0	0.000000e+0
1.780530e+4	5.000000e-1	4.668379e-1	2.300000e-2	0.000000e+0	0.000000e+0
1.781114e+4	5.000000e-1	7.684743e-1	2.300000e-2	0.000000e+0	0.000000e+0
1.784290e+4	5.000000e-1	5.019894e-3	2.300000e-2	0.000000e+0	0.000000e+0
1.787295e+4	5.000000e-1	4.102307e-1	2.300000e-2	0.000000e+0	0.000000e+0
1.791358e+4	5.000000e-1	1.291966e+0	2.300000e-2	0.000000e+0	0.000000e+0
1.792663e+4	5.000000e-1	1.165825e-2	2.300000e-2	0.000000e+0	0.000000e+0
1.794490e+4	5.000000e-1	8.598060e-1	2.300000e-2	0.000000e+0	0.000000e+0
1.795294e+4	5.000000e-1	1.857592e+0	2.300000e-2	0.000000e+0	0.000000e+0
1.795995e+4	5.000000e-1	9.955257e-3	2.300000e-2	0.000000e+0	0.000000e+0
1.799427e+4	5.000000e-1	4.692687e-1	1.200000e-2	0.000000e+0	0.000000e+0
1.802155e+4	5.000000e-1	8.233879e-2	2.300000e-2	0.000000e+0	0.000000e+0
1.802813e+4	5.000000e-1	3.026717e-2	2.300000e-2	0.000000e+0	0.000000e+0
1.804426e+4	5.000000e-1	1.423639e+0	2.499374e-2	0.000000e+0	0.000000e+0
1.805848e+4	5.000000e-1	3.716093e-3	2.300000e-2	0.000000e+0	0.000000e+0
1.807391e+4	5.000000e-1	4.984339e-2	2.586522e-2	1.960000e-4	0.000000e+0
1.808885e+4	5.000000e-1	3.105594e-3	2.300000e-2	0.000000e+0	1.960000e-4
1.811906e+4	5.000000e-1	5.621480e-2	2.300000e-2	0.000000e+0	0.000000e+0
1.813766e+4	5.000000e-1	4.487760e-1	2.481748e-2	0.000000e+0	0.000000e+0
1.815222e+4	5.000000e-1	2.700119e-1	2.596302e-2	0.000000e+0	0.000000e+0
1.816740e+4	5.000000e-1	1.259762e-2	2.300000e-2	0.000000e+0	0.000000e+0
1.819506e+4	5.000000e-1	4.099491e-1	2.300000e-2	0.000000e+0	0.000000e+0
1.822886e+4	5.000000e-1	2.254300e-1	2.300000e-2	0.000000e+0	0.000000e+0
1.824692e+4	5.000000e-1	1.248993e-1	2.300000e-2	0.000000e+0	0.000000e+0
1.829773e+4	5.000000e-1	2.742879e-1	2.300000e-2	0.000000e+0	0.000000e+0
1.833318e+4	5.000000e-1	2.519740e-1	2.300000e-2	0.000000e+0	0.000000e+0
1.835382e+4	5.000000e-1	1.969332e+0	2.300000e-2	0.000000e+0	0.000000e+0
1.844408e+4	5.000000e-1	1.338129e-1	1.800000e-2	0.000000e+0	0.000000e+0
1.846406e+4	5.000000e-1	2.772988e-3	2.300000e-2	0.000000e+0	0.000000e+0
1.851971e+4	5.000000e-1	1.095527e-1	2.300000e-2	0.000000e+0	0.000000e+0
1.852058e+4	5.000000e-1	5.784474e-3	2.300000e-2	0.000000e+0	0.000000e+0
1.857005e+4	5.000000e-1	2.242993e-2	2.300000e-2	0.000000e+0	0.000000e+0
1.859329e+4	5.000000e-1	4.739782e-1	2.300000e-2	0.000000e+0	0.000000e+0
1.860016e+4	5.000000e-1	4.938009e-1	2.300000e-2	0.000000e+0	0.000000e+0
1.862620e+4	5.000000e-1	6.007640e-1	2.300000e-2	0.000000e+0	0.000000e+0
1.864975e+4	5.000000e-1	2.133133e-1	2.300000e-2	0.000000e+0	0.000000e+0
1.866718e+4	5.000000e-1	6.043624e-1	2.300000e-2	0.000000e+0	0.000000e+0
1.867975e+4	5.000000e-1	2.081735e-3	2.300000e-2	0.000000e+0	0.000000e+0
1.869163e+4	5.000000e-1	1.293892e-1	2.300000e-2	0.000000e+0	0.000000e+0
1.872456e+4	5.000000e-1	5.296780e-1	2.300000e-2	0.000000e+0	0.000000e+0
1.874633e+4	5.000000e-1	1.108827e-2	2.300000e-2	0.000000e+0	0.000000e+0
1.876771e+4	5.000000e-1	8.213035e-2	2.442780e-2	0.000000e+0	0.000000e+0
1.878614e+4	5.000000e-1	2.248614e-2	2.300000e-2	0.000000e+0	0.000000e+0
1.879616e+4	5.000000e-1	3.711874e-1	1.973466e-2	0.000000e+0	0.000000e+0
1.884247e+4	5.000000e-1	2.364723e-1	1.948323e-2	0.000000e+0	0.000000e+0
1.885256e+4	5.000000e-1	1.421314e-1	1.458169e-2	0.000000e+0	0.000000e+0
1.889442e+4	5.000000e-1	6.105083e-2	1.772290e-2	0.000000e+0	0.000000e+0
1.889641e+4	5.000000e-1	1.000711e-2	2.300000e-2	0.000000e+0	0.000000e+0
1.892236e+4	5.000000e-1	6.700851e-1	2.150000e-2	0.000000e+0	0.000000e+0
1.892935e+4	5.000000e-1	5.984994e-1	1.822607e-2	0.000000e+0	0.000000e+0
1.896279e+4	5.000000e-1	1.107499e-2	2.300000e-2	0.000000e+0	0.000000e+0
1.897821e+4	5.000000e-1	5.579904e-3	2.300000e-2	0.000000e+0	0.000000e+0
1.900541e+4	5.000000e-1	6.881123e-3	2.300000e-2	0.000000e+0	0.000000e+0
1.901085e+4	5.000000e-1	3.503295e-1	2.300000e-2	0.000000e+0	0.000000e+0
1.902690e+4	5.000000e-1	4.759806e-2	3.159857e-2	0.000000e+0	0.000000e+0
1.905443e+4	5.000000e-1	2.137285e-2	1.287770e-2	0.000000e+0	0.000000e+0
1.907332e+4	5.000000e-1	9.985209e-2	2.300000e-2	0.000000e+0	0.000000e+0
1.907700e+4	5.000000e-1	3.062529e-1	2.300000e-2	0.000000e+0	0.000000e+0
1.909893e+4	5.000000e-1	1.259367e-2	2.300000e-2	0.000000e+0	0.000000e+0
1.912507e+4	5.000000e-1	2.450459e-1	2.903800e-2	0.000000e+0	0.000000e+0
1.913187e+4	5.000000e-1	1.444064e-1	1.888700e-2	0.000000e+0	0.000000e+0
1.917642e+4	5.000000e-1	6.165386e-2	3.558711e-2	0.000000e+0	0.000000e+0
1.919623e+4	5.000000e-1	2.865969e-1	2.300000e-2	0.000000e+0	0.000000e+0
1.922399e+4	5.000000e-1	5.180836e-1	2.300000e-2	0.000000e+0	0.000000e+0
1.922483e+4	5.000000e-1	2.973316e-4	2.300000e-2	0.000000e+0	0.000000e+0
1.925959e+4	5.000000e-1	6.556659e-1	2.300000e-2	0.000000e+0	0.000000e+0
1.927859e+4	5.000000e-1	1.325328e-1	2.300000e-2	0.000000e+0	0.000000e+0
1.928675e+4	5.000000e-1	9.332680e-3	2.300000e-2	0.000000e+0	0.000000e+0
1.929781e+4	5.000000e-1	1.655781e-1	2.300000e-2	0.000000e+0	0.000000e+0
1.930677e+4	5.000000e-1	4.718976e-3	2.300000e-2	0.000000e+0	0.000000e+0
1.931532e+4	5.000000e-1	3.019197e-1	2.300000e-2	0.000000e+0	0.000000e+0
1.932095e+4	5.000000e-1	2.239412e-3	2.300000e-2	0.000000e+0	0.000000e+0
1.934538e+4	5.000000e-1	3.068954e-3	2.300000e-2	0.000000e+0	0.000000e+0
1.936461e+4	5.000000e-1	3.113732e-1	2.300000e-2	0.000000e+0	0.000000e+0
1.943609e+4	5.000000e-1	5.058928e-2	1.297200e-2	0.000000e+0	0.000000e+0
1.949654e+4	5.000000e-1	7.347389e-1	2.112500e-2	0.000000e+0	0.000000e+0
1.950623e+4	5.000000e-1	5.496197e-3	2.300000e-2	0.000000e+0	0.000000e+0
1.952738e+4	5.000000e-1	1.421845e-1	1.301319e-2	0.000000e+0	0.000000e+0
1.953557e+4	5.000000e-1	9.400101e-2	2.320300e-2	0.000000e+0	0.000000e+0
1.957312e+4	5.000000e-1	8.073506e-2	3.746381e-2	0.000000e+0	0.000000e+0
1.959829e+4	5.000000e-1	1.064709e-1	3.593720e-2	0.000000e+0	0.000000e+0
1.966921e+4	5.000000e-1	1.187737e+0	2.300000e-2	0.000000e+0	0.000000e+0
1.969280e+4	5.000000e-1	1.326386e-2	2.300000e-2	0.000000e+0	0.000000e+0
1.977654e+4	5.000000e-1	1.551089e-1	1.916374e-2	0.000000e+0	0.000000e+0
1.981371e+4	5.000000e-1	2.789044e-3	2.300000e-2	0.000000e+0	0.000000e+0
1.982796e+4	5.000000e-1	4.474880e-2	2.153979e-2	0.000000e+0	0.000000e+0
1.985328e+4	5.000000e-1	1.058285e+0	2.300000e-2	0.000000e+0	0.000000e+0
1.986540e+4	5.000000e-1	8.734678e-3	2.450390e-2	0.000000e+0	0.000000e+0
1.991008e+4	5.000000e-1	8.087268e-1	2.002527e-2	0.000000e+0	0.000000e+0
1.992068e+4	5.000000e-1	1.122026e-3	2.300000e-2	0.000000e+0	0.000000e+0
1.994309e+4	5.000000e-1	1.362035e+0	2.032305e-2	0.000000e+0	0.000000e+0
1.995253e+4	5.000000e-1	2.529155e-3	2.300000e-2	0.000000e+0	0.000000e+0
1.998530e+4	5.000000e-1	2.132415e-1	2.619487e-2	0.000000e+0	0.000000e+0
2.000895e+4	5.000000e-1	1.947255e+0	2.300000e-2	0.000000e+0	0.000000e+0
2.002445e+4	5.000000e-1	7.114126e-1	2.300000e-2	0.000000e+0	0.000000e+0
2.003658e+4	5.000000e-1	1.617239e+0	2.300000e-2	0.000000e+0	0.000000e+0
2.009290e+4	5.000000e-1	1.016504e+0	2.300000e-2	0.000000e+0	0.000000e+0
2.012000e+4	5.000000e-1	7.876800e-2	2.300000e-2	0.000000e+0	0.000000e+0
2.017500e+4	5.000000e-1	4.742300e-1	2.300000e-2	0.000000e+0	0.000000e+0
2.440525e+4	5.000000e-1	2.900960e+2	2.300000e-2	0.000000e+0	0.000000e+0
